-1.0000000000,0.0000000000,0.0000000000,0.0000000000,-1.0000000000,0.0000000000,0.0000000000,0.0000000000,-1.0000000000
1.0000000000,0.0000000000,0.0000000000,0.0000000000,-1.0000000000,-0.0000000000,-0.0000000000,0.0000000000,-1.0000000000
1.0000000000,0.0000000010,0.0000013961,0.0000000010,-1.0000000000,-0.0000000002,0.0000013961,0.0000000002,-1.0000000000
1.0000000000,0.0000002540,0.0000087701,0.0000002540,-1.0000000000,-0.0000025467,0.0000087701,0.0000025467,-1.0000000000
0.9999999996,0.0000022657,0.0000271177,0.0000022663,-0.9999999998,-0.0000210627,0.0000271177,0.0000210628,-0.9999999994
0.9999999995,0.0000025990,0.0000310023,0.0000025997,-0.9999999997,-0.0000228417,0.0000310022,0.0000228418,-0.9999999993
0.9999999989,0.0000033957,0.0000466257,0.0000033966,-0.9999999998,-0.0000201423,0.0000466257,0.0000201425,-0.9999999987
0.9999999980,0.0000042136,0.0000636794,0.0000042143,-0.9999999999,-0.0000100194,0.0000636794,0.0000100197,-0.9999999979
0.9999999957,0.0000070031,0.0000929515,0.0000070027,-1.0000000000,0.0000042604,0.0000929515,-0.0000042598,-0.9999999957
0.9999999946,0.0000083397,0.0001038464,0.0000083388,-0.9999999999,0.0000087896,0.0001038465,-0.0000087888,-0.9999999946
0.9999999918,0.0000116046,0.0001275310,0.0000116024,-0.9999999998,0.0000175166,0.0001275312,-0.0000175151,-0.9999999917
0.9999999880,0.0000156316,0.0001538924,0.0000156276,-0.9999999995,0.0000258196,0.0001538928,-0.0000258172,-0.9999999878
0.9999999830,0.0000203837,0.0001830529,0.0000203776,-0.9999999992,0.0000337248,0.0001830536,-0.0000337211,-0.9999999827
0.9999999726,0.0000287886,0.0002321464,0.0000287782,-0.9999999986,0.0000448990,0.0002321477,-0.0000448923,-0.9999999720
0.9999999683,0.0000319119,0.0002499288,0.0000318998,-0.9999999983,0.0000484545,0.0002499304,-0.0000484465,-0.9999999676
0.9999999579,0.0000386102,0.0002875689,0.0000385942,-0.9999999977,0.0000553341,0.0002875710,-0.0000553230,-0.9999999571
0.9999999452,0.0000458764,0.0003278494,0.0000458561,-0.9999999970,0.0000619300,0.0003278522,-0.0000619150,-0.9999999443
0.9999999299,0.0000536632,0.0003705841,0.0000536379,-0.9999999962,0.0000682767,0.0003705878,-0.0000682568,-0.9999999290
0.9999999016,0.0000662247,0.0004387194,0.0000661907,-0.9999999948,0.0000774064,0.0004387246,-0.0000773773,-0.9999999008
0.9999998906,0.0000706292,0.0004623454,0.0000705921,-0.9999999943,0.0000803594,0.0004623511,-0.0000803268,-0.9999998899
0.9999998664,0.0000797322,0.0005107042,0.0000796882,-0.9999999931,0.0000861558,0.0005107110,-0.0000861151,-0.9999998659
0.9999998391,0.0000891937,0.0005602088,0.0000891423,-0.9999999918,0.0000918301,0.0005602170,-0.0000917802,-0.9999998389
0.9999998088,0.0000989730,0.0006104741,0.0000989136,-0.9999999904,0.0000974091,0.0006104837,-0.0000973487,-0.9999998089
0.9999997580,0.0001141687,0.0006863409,0.0001140962,-0.9999999879,0.0001056533,0.0006863529,-0.0001055750,-0.9999997589
0.9999997397,0.0001193629,0.0007115219,0.0001192858,-0.9999999870,0.0001083778,0.0007115349,-0.0001082929,-0.9999997410
0.9999997017,0.0001299244,0.0007613943,0.0001298377,-0.9999999851,0.0001138048,0.0007614091,-0.0001137059,-0.9999997037
0.9999996619,0.0001406972,0.0008102459,0.0001406007,-0.9999999830,0.0001192161,0.0008102627,-0.0001191021,-0.9999996646
0.9999996207,0.0001516589,0.0008576863,0.0001515521,-0.9999999808,0.0001246250,0.0008577052,-0.0001244950,-0.9999996244
0.9999995577,0.0001684315,0.0009253334,0.0001683087,-0.9999999770,0.0001327493,0.0009253557,-0.0001325935,-0.9999995631
0.9999995367,0.0001741071,0.0009467551,0.0001739790,-0.9999999757,0.0001354615,0.0009467787,-0.0001352967,-0.9999995427
0.9999994950,0.0001855807,0.0009876661,0.0001854416,-0.9999999729,0.0001408922,0.0009876922,-0.0001407089,-0.9999995023
0.9999994544,0.0001972161,0.0010257742,0.0001970661,-0.9999999699,0.0001463290,0.0010258031,-0.0001461268,-0.9999994632
0.9999994154,0.0002090108,0.0010608831,0.0002088499,-0.9999999667,0.0001517692,0.0010609147,-0.0001515476,-0.9999994257
0.9999993609,0.0002270233,0.0011075509,0.0002268463,-0.9999999615,0.0001599090,0.0011075871,-0.0001596576,-0.9999993739
0.9999993440,0.0002331201,0.0011214443,0.0002329378,-0.9999999596,0.0001626085,0.0011214822,-0.0001623472,-0.9999993580
0.9999993124,0.0002454609,0.0011467028,0.0002452685,-0.9999999558,0.0001679763,0.0011467440,-0.0001676949,-0.9999993284
0.9999992839,0.0002580096,0.0011686104,0.0002578073,-0.9999999518,0.0001732884,0.0011686551,-0.0001729870,-0.9999993022
0.9999992585,0.0002707745,0.0011872585,0.0002705627,-0.9999999475,0.0001785311,0.0011873068,-0.0001782097,-0.9999992793
0.9999992265,0.0002903646,0.0012094174,0.0002901396,-0.9999999406,0.0001862244,0.0012094714,-0.0001858734,-0.9999992513
0.9999992174,0.0002970228,0.0012153424,0.0002967936,-0.9999999381,0.0001887338,0.0012153983,-0.0001883729,-0.9999992437
0.9999992012,0.0003105430,0.0012251827,0.0003103060,-0.9999999331,0.0001936563,0.0012252427,-0.0001932759,-0.9999992307
0.9999991878,0.0003243491,0.0012325947,0.0003241047,-0.9999999278,0.0001984362,0.0012326590,-0.0001980365,-0.9999992207
0.9999991765,0.0003384552,0.0012379090,0.0003382040,-0.9999999222,0.0002030569,0.0012379776,-0.0002026380,-0.9999992132
0.9999991629,0.0003602125,0.0012427515,0.0003599522,-0.9999999132,0.0002096543,0.0012428269,-0.0002092068,-0.9999992058
0.9999991590,0.0003676313,0.0012437297,0.0003673682,-0.9999999101,0.0002117581,0.0012438075,-0.0002113011,-0.9999992041
0.9999991517,0.0003827209,0.0012450442,0.0003824525,-0.9999999036,0.0002158190,0.0012451267,-0.0002153426,-0.9999992016
0.9999991447,0.0003981511,0.0012458620,0.0003978777,-0.9999998967,0.0002196779,0.0012459493,-0.0002191820,-0.9999991998
0.9999991373,0.0004139231,0.0012466048,0.0004136450,-0.9999998895,0.0002233302,0.0012466971,-0.0002228144,-0.9999991980
0.9999991246,0.0004382203,0.0012485117,0.0004379355,-0.9999998780,0.0002284264,0.0012486116,-0.0002278795,-0.9999991945
0.9999991196,0.0004464909,0.0012495662,0.0004462038,-0.9999998740,0.0002300235,0.0012496687,-0.0002294658,-0.9999991928
0.9999991082,0.0004632837,0.0012525948,0.0004629921,-0.9999998657,0.0002330720,0.0012527026,-0.0002324918,-0.9999991883
0.9999990944,0.0004804019,0.0012571519,0.0004801056,-0.9999998569,0.0002359348,0.0012572651,-0.0002353310,-0.9999991820
0.9999990778,0.0004978252,0.0012635655,0.0004975241,-0.9999998478,0.0002386274,0.0012636841,-0.0002379986,-0.9999991732
0.9999990467,0.0005244927,0.0012772830,0.0005241835,-0.9999998332,0.0002423911,0.0012774100,-0.0002417214,-0.9999991549
0.9999990345,0.0005335149,0.0012830688,0.0005332027,-0.9999998282,0.0002435820,0.0012831985,-0.0002428976,-0.9999991472
0.9999990072,0.0005517395,0.0012966045,0.0005514211,-0.9999998177,0.0002458863,0.0012967399,-0.0002451710,-0.9999991292
0.9999989756,0.0005701829,0.0013128682,0.0005698576,-0.9999998069,0.0002481099,0.0013130094,-0.0002473615,-0.9999991074
0.9999989396,0.0005888102,0.0013319528,0.0005884774,-0.9999997955,0.0002502846,0.0013320999,-0.0002495005,-0.9999990816
0.9999988768,0.0006170242,0.0013659266,0.0006166785,-0.9999997777,0.0002535232,0.0013660828,-0.0002526806,-0.9999990350
0.9999988534,0.0006264874,0.0013786608,0.0006261369,-0.9999997716,0.0002546114,0.0013788200,-0.0002537479,-0.9999990172
0.9999988030,0.0006454774,0.0014061808,0.0006451169,-0.9999997589,0.0002568256,0.0014063462,-0.0002559182,-0.9999989783
0.9999987477,0.0006645257,0.0014363157,0.0006641541,-0.9999997459,0.0002591186,0.0014364875,-0.0002581644,-0.9999989349
0.9999986875,0.0006835911,0.0014688947,0.0006832076,-0.9999997324,0.0002615268,0.0014690731,-0.0002605229,-0.9999988870
0.9999985884,0.0007121510,0.0015218426,0.0007117479,-0.9999997115,0.0002654215,0.0015220312,-0.0002643379,-0.9999988068
0.9999985531,0.0007216484,0.0015404384,0.0007212383,-0.9999997043,0.0002668087,0.0015406305,-0.0002656973,-0.9999987779
0.9999984794,0.0007405866,0.0015788235,0.0007401616,-0.9999996897,0.0002697392,0.0015790228,-0.0002685702,-0.9999987173
0.9999984018,0.0007594246,0.0016185259,0.0007589839,-0.9999996747,0.0002729021,0.0016187326,-0.0002716733,-0.9999986529
0.9999983208,0.0007781314,0.0016592187,0.0007776740,-0.9999996594,0.0002763256,0.0016594332,-0.0002750349,-0.9999985853
0.9999981938,0.0008059062,0.0017213005,0.0008054220,-0.9999996359,0.0002819862,0.0017215271,-0.0002805993,-0.9999984788
0.9999981504,0.0008150810,0.0017420788,0.0008145874,-0.9999996279,0.0002840206,0.0017423096,-0.0002826010,-0.9999984422
0.9999980624,0.0008332914,0.0017834910,0.0008327785,-0.9999996117,0.0002883237,0.0017837306,-0.0002868379,-0.9999983680
0.9999979734,0.0008513077,0.0018244092,0.0008507746,-0.9999995952,0.0002929462,0.0018246578,-0.0002913935,-0.9999982929
0.9999978841,0.0008691185,0.0018645129,0.0008685646,-0.9999995784,0.0002978960,0.0018647710,-0.0002962759,-0.9999982174
0.9999977512,0.0008954436,0.0019224313,0.0008948570,-0.9999995528,0.0003059392,0.0019227044,-0.0003042182,-0.9999981053
0.9999977076,0.0009041164,0.0019409795,0.0009035188,-0.9999995442,0.0003087831,0.0019412578,-0.0003070287,-0.9999980686
0.9999976218,0.0009213131,0.0019767423,0.0009206927,-0.9999995266,0.0003147075,0.0019770313,-0.0003128868,-0.9999979967
0.9999975386,0.0009383176,0.0020105414,0.0009376742,-0.9999995089,0.0003209368,0.0020108415,-0.0003190508,-0.9999979274
0.9999974586,0.0009551333,0.0020422071,0.0009544665,-0.9999994909,0.0003274631,0.0020425188,-0.0003255130,-0.9999978611
0.9999973453,0.0009800308,0.0020853879,0.0009793285,-0.9999994634,0.0003377697,0.0020857178,-0.0003357266,-0.9999977685
0.9999973097,0.0009882540,0.0020985733,0.0009875398,-0.9999994541,0.0003413306,0.0020989095,-0.0003392572,-0.9999977397
0.9999972416,0.0010046010,0.0021230941,0.0010038630,-0.9999994354,0.0003486225,0.0021234431,-0.0003464902,-0.9999976855
0.9999971781,0.0010208296,0.0021451513,0.0010200680,-0.9999994163,0.0003561188,0.0021455136,-0.0003539296,-0.9999976357
0.9999971192,0.0010369562,0.0021647909,0.0010361710,-0.9999993970,0.0003637939,0.0021651668,-0.0003615497,-0.9999975907
0.9999970393,0.0010610045,0.0021898944,0.0010601845,-0.9999993675,0.0003755753,0.0021902915,-0.0003732525,-0.9999975316
0.9999970149,0.0010689961,0.0021971620,0.0010681647,-0.9999993575,0.0003795572,0.0021975663,-0.0003772092,-0.9999975142
0.9999969690,0.0010849608,0.0022101636,0.0010841067,-0.9999993372,0.0003875797,0.0022105826,-0.0003851825,-0.9999974825
0.9999969269,0.0011009183,0.0022212835,0.0011000421,-0.9999993167,0.0003956551,0.0022217176,-0.0003932103,-0.9999974547
0.9999968882,0.0011168878,0.0022307480,0.0011159899,-0.9999992958,0.0004037537,0.0022311974,-0.0004012629,-0.9999974304
0.9999968350,0.0011409103,0.0022423975,0.0011399805,-0.9999992637,0.0004158771,0.0022428704,-0.0004133195,-0.9999973993
0.9999968183,0.0011489457,0.0022457343,0.0011480056,-0.9999992529,0.0004198968,0.0022462151,-0.0004173174,-0.9999973902
0.9999967860,0.0011650694,0.0022517914,0.0011641088,-0.9999992309,0.0004278850,0.0022522882,-0.0004252623,-0.9999973732
0.9999967547,0.0011812749,0.0022572663,0.0011802941,-0.9999992085,0.0004357852,0.0022577793,-0.0004331195,-0.9999973574
0.9999967236,0.0011975721,0.0022624368,0.0011965715,-0.9999991857,0.0004435764,0.0022629662,-0.0004408678,-0.9999973423
0.9999966762,0.0012222103,0.0022702178,0.0012211804,-0.9999991508,0.0004550193,0.0022707720,-0.0004522454,-0.9999973195
0.9999966598,0.0012304771,0.0022729511,0.0012294374,-0.9999991390,0.0004587611,0.0022735136,-0.0004559651,-0.9999973116
0.9999966259,0.0012470937,0.0022788179,0.0012460346,-0.9999991151,0.0004661269,0.0022793972,-0.0004632858,-0.9999972949
0.9999965898,0.0012638227,0.0022854036,0.0012627441,-0.9999990907,0.0004733264,0.0022859997,-0.0004704389,-0.9999972764
0.9999965513,0.0012806571,0.0022928918,0.0012795589,-0.9999990660,0.0004803530,0.0022935049,-0.0004774175,-0.9999972560
0.9999964878,0.0013060916,0.0023061736,0.0013049636,-0.9999990282,0.0004905646,0.0023068121,-0.0004875534,-0.9999972205
0.9999964650,0.0013146161,0.0023112148,0.0013134780,-0.9999990154,0.0004938792,0.0023118617,-0.0004908418,-0.9999972072
0.9999964167,0.0013317268,0.0023222926,0.0013305682,-0.9999989896,0.0005003763,0.0023229566,-0.0004972846,-0.9999971783
0.9999963647,0.0013489077,0.0023347370,0.0013477282,-0.9999989634,0.0005067018,0.0023354180,-0.0005035534,-0.9999971461
0.9999963090,0.0013661406,0.0023485559,0.0013649397,-0.9999989370,0.0005128644,0.0023492541,-0.0005096569,-0.9999971106
0.9999962183,0.0013920575,0.0023718117,0.0013908236,-0.9999988967,0.0005218063,0.0023725355,-0.0005185055,-0.9999970511
0.9999961863,0.0014007139,0.0023802250,0.0013994688,-0.9999988831,0.0005246842,0.0023809573,-0.0005213511,-0.9999970296
0.9999961194,0.0014180487,0.0023979682,0.0014167811,-0.9999988558,0.0005302670,0.0023987175,-0.0005268676,-0.9999969843
0.9999960494,0.0014354036,0.0024167909,0.0014341131,-0.9999988282,0.0005356188,0.0024175569,-0.0005321508,-0.9999969361
0.9999959765,0.0014527656,0.0024364968,0.0014514522,-0.9999988004,0.0005407394,0.0024372794,-0.0005372008,-0.9999968855
0.9999958630,0.0014788090,0.0024672058,0.0014774613,-0.9999987584,0.0005479717,0.0024680130,-0.0005443242,-0.9999968063
0.9999958244,0.0014874885,0.0024776162,0.0014861295,-0.9999987443,0.0005502595,0.0024784316,-0.0005465751,-0.9999967793
0.9999957465,0.0015048425,0.0024984939,0.0015034611,-0.9999987160,0.0005546453,0.0024993253,-0.0005508866,-0.9999967249
0.9999956683,0.0015221878,0.0025192062,0.0015207848,-0.9999986875,0.0005587685,0.0025200534,-0.0005549349,-0.9999966707
0.9999955905,0.0015395201,0.0025394623,0.0015380961,-0.9999986589,0.0005626197,0.0025403251,-0.0005587113,-0.9999966173
0.9999954764,0.0015655033,0.0025683275,0.0015640497,-0.9999986156,0.0005678556,0.0025692130,-0.0005638360,-0.9999965406
0.9999954395,0.0015741645,0.0025773901,0.0015727017,-0.9999986012,0.0005694478,0.0025782829,-0.0005653917,-0.9999965164
0.9999953679,0.0015914924,0.0025944638,0.0015900124,-0.9999985721,0.0005723866,0.0025953711,-0.0005682587,-0.9999964706
0.9999953000,0.0016088364,0.0026099067,0.0016073410,-0.9999985429,0.0005749758,0.0026108279,-0.0005707781,-0.9999964289
0.9999952364,0.0016262094,0.0026234683,0.0016247005,-0.9999985136,0.0005771887,0.0026244030,-0.0005729236,-0.9999963921
0.9999951506,0.0016523705,0.0026397767,0.0016508456,-0.9999984693,0.0005797310,0.0026407306,-0.0005753703,-0.9999963477
0.9999951248,0.0016611303,0.0026440356,0.0016596013,-0.9999984545,0.0005803509,0.0026449955,-0.0005759601,-0.9999963361
0.9999950779,0.0016787280,0.0026506574,0.0016771930,-0.9999984246,0.0005812200,0.0026516289,-0.0005767714,-0.9999963181
0.9999950375,0.0016964553,0.0026546402,0.0016949172,-0.9999983945,0.0005815558,0.0026556225,-0.0005770535,-0.9999963073
0.9999950036,0.0017143434,0.0026558874,0.0017128053,-0.9999983642,0.0005813099,0.0026568796,-0.0005767579,-0.9999963042
0.9999949657,0.0017415519,0.0026524823,0.0017400200,-0.9999983181,0.0005797395,0.0026534874,-0.0005751212,-0.9999963141
0.9999949564,0.0017507406,0.0026499294,0.0017492125,-0.9999983026,0.0005788683,0.0026509383,-0.0005742301,-0.9999963214
0.9999949428,0.0017693229,0.0026427095,0.0017678051,-0.9999982712,0.0005765605,0.0026437250,-0.0005718858,-0.9999963418
0.9999949355,0.0017882109,0.0026327168,0.0017867071,-0.9999982394,0.0005734484,0.0026337376,-0.0005687416,-0.9999963700
0.9999949343,0.0018074432,0.0026200413,0.0018059571,-0.9999982071,0.0005694742,0.0026210659,-0.0005647397,-0.9999964055
0.9999949423,0.0018370237,0.0025962795,0.0018355711,-0.9999981575,0.0005617649,0.0025973067,-0.0005569964,-0.9999964719
0.9999949474,0.0018470981,0.0025871729,0.0018456585,-0.9999981407,0.0005586986,0.0025882001,-0.0005539208,-0.9999964972
0.9999949605,0.0018675963,0.0025673179,0.0018661856,-0.9999981064,0.0005517758,0.0025683435,-0.0005469819,-0.9999965522
0.9999949769,0.0018885915,0.0025454466,0.0018872133,-0.9999980714,0.0005437484,0.0025464686,-0.0005389419,-0.9999966125
0.9999949960,0.0019101132,0.0025217849,0.0019087709,-0.9999980354,0.0005345621,0.0025228010,-0.0005297459,-0.9999966774
0.9999950277,0.0019434468,0.0024834787,0.0019421649,-0.9999979796,0.0005184890,0.0024844813,-0.0005136631,-0.9999967817
0.9999950386,0.0019548522,0.0024700870,0.0019535920,-0.9999979604,0.0005124941,0.0024710838,-0.0005076660,-0.9999968180
0.9999950604,0.0019781229,0.0024425633,0.0019769085,-0.9999979212,0.0004995108,0.0024435463,-0.0004946797,-0.9999968922
0.9999950816,0.0020020258,0.0024142653,0.0020008601,-0.9999978806,0.0004851624,0.0024152315,-0.0004803294,-0.9999969680
0.9999951013,0.0020265721,0.0023854454,0.0020254579,-0.9999978386,0.0004694115,0.0023863915,-0.0004645776,-0.9999970446
0.9999951267,0.0020646224,0.0023417577,0.0020635903,-0.9999977726,0.0004430740,0.0023426673,-0.0004382394,-0.9999971599
0.9999951338,0.0020776394,0.0023271867,0.0020766359,-0.9999977498,0.0004335539,0.0023280823,-0.0004287191,-0.9999971981
0.9999951454,0.0021041755,0.0022981874,0.0021032308,-0.9999977028,0.0004133795,0.0022990519,-0.0004085439,-0.9999972737
0.9999951532,0.0021313787,0.0022695308,0.0021304951,-0.9999976538,0.0003916738,0.0022703602,-0.0003868367,-0.9999973479
0.9999951569,0.0021592330,0.0022413861,0.0021584125,-0.9999976028,0.0003684269,0.0022421762,-0.0003635872,-0.9999974202
0.9999951542,0.0022022090,0.0022004038,0.0022014867,-0.9999975221,0.0003306328,0.0022011264,-0.0003257870,-0.9999975244
0.9999951510,0.0022168482,0.0021871154,0.0022161596,-0.9999974940,0.0003172477,0.0021878132,-0.0003123992,-0.9999975579
0.9999951411,0.0022465832,0.0021611507,0.0022459631,-0.9999974360,0.0002892924,0.0021617950,-0.0002844371,-0.9999976229
0.9999951265,0.0022769063,0.0021360253,0.0022763566,-0.9999973754,0.0002597576,0.0021366111,-0.0002548940,-0.9999976850
0.9999951073,0.0023077822,0.0021117578,0.0023073045,-0.9999973120,0.0002286573,0.0021122798,-0.0002237837,-0.9999977441
0.9999950701,0.0023550718,0.0020768832,0.0023547049,-0.9999972116,0.0001790853,0.0020772992,-0.0001741940,-0.9999978272
0.9999950556,0.0023710842,0.0020656240,0.0023707551,-0.9999971767,0.0001617837,0.0020660018,-0.0001568858,-0.9999978535
0.9999950236,0.0024034606,0.0020435854,0.0024032081,-0.9999971044,0.0001260215,0.0020438824,-0.0001211097,-0.9999979039
0.9999949879,0.0024362770,0.0020220829,0.0024361026,-0.9999970288,0.0000887291,0.0020222931,-0.0000838026,-0.9999979517
0.9999949488,0.0024694871,0.0020010020,0.0024693922,-0.9999969498,0.0000499364,0.0020011192,-0.0000449949,-0.9999979967
0.9999948848,0.0025199668,0.0019697993,0.0025199934,-0.9999968248,-0.0000110292,0.0019697653,0.0000159930,-0.9999980599
0.9999948623,0.0025369577,0.0019594087,0.0025370254,-0.9999967812,-0.0000320851,0.0019593210,0.0000370560,-0.9999980798
0.9999948157,0.0025711635,0.0019385002,0.0025713142,-0.9999966913,-0.0000752832,0.0019383002,0.0000802673,-0.9999981183
0.9999947674,0.0026056430,0.0019172515,0.0026058777,-0.9999965975,-0.0001199097,0.0019169326,0.0001249052,-0.9999981549
0.9999947178,0.0026403547,0.0018954966,0.0026406739,-0.9999964996,-0.0001659298,0.0018950518,0.0001709343,-0.9999981898
0.9999946419,0.0026928094,0.0018614603,0.0026932561,-0.9999963450,-0.0002375362,0.0018608139,0.0002425483,-0.9999982393
0.9999946163,0.0027103912,0.0018496269,0.0027108805,-0.9999962912,-0.0002620857,0.0018489097,0.0002670984,-0.9999982551
0.9999945651,0.0027456835,0.0018250919,0.0027462577,-0.9999961803,-0.0003121912,0.0018242277,0.0003172017,-0.9999982858
0.9999945140,0.0027811313,0.0017992643,0.0027817899,-0.9999960647,-0.0003636223,0.0017982459,0.0003686255,-0.9999983152
0.9999944630,0.0028167029,0.0017720390,0.0028174449,-0.9999959443,-0.0004163478,0.0017708591,0.0004213381,-0.9999983433
0.9999943873,0.0028702712,0.0017282768,0.0028711355,-0.9999957544,-0.0004978384,0.0017268405,0.0005027977,-0.9999983826
0.9999943623,0.0028881839,0.0017128413,0.0028890881,-0.9999956884,-0.0005256384,0.0017113158,0.0005305839,-0.9999983949
0.9999943126,0.0029240900,0.0016806406,0.0029250721,-0.9999955525,-0.0005821840,0.0016789308,0.0005870967,-0.9999984183
0.9999942632,0.0029601003,0.0016466325,0.0029611575,-0.9999954110,-0.0006399787,0.0016447306,0.0006448509,-0.9999984395
0.9999942140,0.0029961985,0.0016108457,0.0029973277,-0.9999952637,-0.0006989947,0.0016087437,0.0007038189,-0.9999984583
0.9999941399,0.0030505208,0.0015538577,0.0030517507,-0.9999950315,-0.0007897971,0.0015514407,0.0007945344,-0.9999984809
0.9999941150,0.0030686820,0.0015339862,0.0030699435,-0.9999949510,-0.0008206720,0.0015314601,0.0008253764,-0.9999984867
0.9999940647,0.0031050904,0.0014929852,0.0031064114,-0.9999947850,-0.0008833292,0.0014902346,0.0008879618,-0.9999984954
0.9999940133,0.0031416194,0.0014504016,0.0031429951,-0.9999946122,-0.0009471891,0.0014474181,0.0009517421,-0.9999984996
0.9999939603,0.0031782594,0.0014064156,0.0031796845,-0.9999944325,-0.0010122271,0.0014031907,0.0010166929,-0.9999984987
0.9999938771,0.0032334459,0.0013381567,0.0032349348,-0.9999941493,-0.0011119810,0.0013345533,0.0011163031,-0.9999984864
0.9999938481,0.0032519103,0.0013148720,0.0032534176,-0.9999940512,-0.0011458169,0.0013111381,0.0011500877,-0.9999984791
0.9999937879,0.0032889458,0.0012676646,0.0032904855,-0.9999938490,-0.0012143578,0.0012636628,0.0012185215,-0.9999984592
0.9999937245,0.0033261256,0.0012198022,0.0033276916,-0.9999936388,-0.0012840450,0.0012155236,0.0012880961,-0.9999984317
0.9999936573,0.0033634398,0.0011715600,0.0033650263,-0.9999934205,-0.0013548480,0.0011669954,0.0013587817,-0.9999983959
0.9999935490,0.0034196743,0.0010990252,0.0034212807,-0.9999930770,-0.0014631223,0.0010940142,0.0014668729,-0.9999983257
0.9999935106,0.0034384949,0.0010749175,0.0034401051,-0.9999929582,-0.0014997610,0.0010697530,0.0015034491,-0.9999982976
0.9999934305,0.0034762482,0.0010270047,0.0034778620,-0.9999927137,-0.0015738448,0.0010215262,0.0015774062,-0.9999982341
0.9999933454,0.0035141474,0.0009797106,0.0035157599,-0.9999924601,-0.0016489838,0.0009739085,0.0016524172,-0.9999981605
0.9999932555,0.0035521708,0.0009333201,0.0035537771,-0.9999921973,-0.0017251366,0.0009271849,0.0017284418,-0.9999980764
0.9999931111,0.0036094233,0.0008659526,0.0036110129,-0.9999917852,-0.0018412101,0.0008592998,0.0018443244,-0.9999979300
0.9999930604,0.0036285654,0.0008441863,0.0036301476,-0.9999916431,-0.0018803810,0.0008373562,0.0018834324,-0.9999978758
0.9999929553,0.0036669271,0.0008018471,0.0036684924,-0.9999913514,-0.0019594194,0.0007946551,0.0019623471,-0.9999977589
0.9999928453,0.0037053763,0.0007612631,0.0037069222,-0.9999910498,-0.0020393522,0.0007536997,0.0020421595,-0.9999976308
0.9999927306,0.0037438742,0.0007226433,0.0037453988,-0.9999907385,-0.0021201190,0.0007146992,0.0021228102,-0.9999974914
0.9999925500,0.0038016711,0.0006686983,0.0038031621,-0.9999902530,-0.0022427523,0.0006601655,0.0022452788,-0.9999972614
0.9999924877,0.0038209442,0.0006518240,0.0038224238,-0.9999900861,-0.0022840071,0.0006430904,0.0022864815,-0.9999971792
0.9999923601,0.0038594811,0.0006198128,0.0038609382,-0.9999897451,-0.0023670463,0.0006106709,0.0023694213,-0.9999970065
0.9999922287,0.0038979811,0.0005901698,0.0038994164,-0.9999893941,-0.0024507495,0.0005806105,0.0024530318,-0.9999968228
0.9999920939,0.0039363966,0.0005629768,0.0039378118,-0.9999890335,-0.0025350473,0.0005529917,0.0025372441,-0.9999966283
0.9999918860,0.0039938040,0.0005267994,0.0039951930,-0.9999884747,-0.0026625053,0.0005161598,0.0026645883,-0.9999963168
0.9999918153,0.0040128735,0.0005159481,0.0040142551,-0.9999882836,-0.0027052392,0.0005050862,0.0027072883,-0.9999962077
0.9999915633,0.0040792772,0.0004826243,0.0040806392,-0.9999875967,-0.0028556508,0.0004709693,0.0028575961,-0.9999958062
0.9999914178,0.0041165886,0.0004670327,0.0041179450,-0.9999871948,-0.0029415568,0.0004549175,0.0029434548,-0.9999955646
0.9999912621,0.0041557361,0.0004534740,0.0041570929,-0.9999867590,-0.0030332172,0.0004408627,0.0030350758,-0.9999952970
0.9999911546,0.0041823435,0.0004458867,0.0041837045,-0.9999864546,-0.0030963313,0.0004329307,0.0030981694,-0.9999951069
0.9999909912,0.0042221341,0.0004370439,0.0042235081,-0.9999859865,-0.0031919853,0.0004235608,0.0031938024,-0.9999948101
0.9999908268,0.0042615076,0.0004311261,0.0042629026,-0.9999855073,-0.0032882873,0.0004171068,0.0032900950,-0.9999945006
0.9999907700,0.0042749444,0.0004297424,0.0042763486,-0.9999853401,-0.0033215226,0.0004155368,0.0033233297,-0.9999943914
0.9999906134,0.0043116536,0.0004275471,0.0043130882,-0.9999848732,-0.0034132989,0.0004128237,0.0034151109,-0.9999940833
0.9999903761,0.0043662493,0.0004284355,0.0043677442,-0.9999841508,-0.0035525987,0.0004129172,0.0035544358,-0.9999935977
0.9999902966,0.0043842906,0.0004298013,0.0043858096,-0.9999839043,-0.0035994254,0.0004140135,0.0036012755,-0.9999934297
0.9999901370,0.0044201195,0.0004339890,0.0044216928,-0.9999834026,-0.0036936635,0.0004176554,0.0036955460,-0.9999930842
0.9999899770,0.0044555877,0.0004399931,0.0044572231,-0.9999828894,-0.0037886766,0.0004231048,0.0037905997,-0.9999927261
0.9999898168,0.0044906413,0.0004478026,0.0044923473,-0.9999823648,-0.0038844417,0.0004303511,0.0038864138,-0.9999923553
0.9999895762,0.0045423983,0.0004627319,0.0045442265,-0.9999815561,-0.0040295747,0.0004444194,0.0040316354,-0.9999917742
0.9999894960,0.0045594288,0.0004685159,0.0045613021,-0.9999812805,-0.0040783733,0.0004499120,0.0040804675,-0.9999915736
0.9999893357,0.0045931417,0.0004812712,0.0045951123,-0.9999807202,-0.0041766297,0.0004620780,0.0041787967,-0.9999911620
0.9999891755,0.0046263740,0.0004955903,0.0046284513,-0.9999801473,-0.0042757953,0.0004757991,0.0042780429,-0.9999907359
0.9999890155,0.0046590978,0.0005115161,0.0046612921,-0.9999795617,-0.0043758961,0.0004911179,0.0043782324,-0.9999902949
0.9999887760,0.0047072223,0.0005384141,0.0047096126,-0.9999786585,-0.0045279203,0.0005170887,0.0045304052,-0.9999896040
0.9999886963,0.0047230103,0.0005481694,0.0047254716,-0.9999783506,-0.0045791177,0.0005265303,0.0045816562,-0.9999893655
0.9999885369,0.0047541979,0.0005688874,0.0047568103,-0.9999777241,-0.0046823139,0.0005466140,0.0046849664,-0.9999888761
0.9999883777,0.0047848602,0.0005912582,0.0047876363,-0.9999770832,-0.0047865986,0.0005683414,0.0047893737,-0.9999883694
0.9999882186,0.0048149719,0.0006153765,0.0048179256,-0.9999764279,-0.0048919642,0.0005918073,0.0048948714,-0.9999878449
0.9999879800,0.0048591062,0.0006549174,0.0048623539,-0.9999754165,-0.0050521142,0.0006303526,0.0050552380,-0.9999870235
0.9999879004,0.0048735488,0.0006690081,0.0048769023,-0.9999750716,-0.0051060842,0.0006441067,0.0051092851,-0.9999867401
0.9999877410,0.0049020279,0.0006986056,0.0049056056,-0.9999743695,-0.0052149230,0.0006730240,0.0052182862,-0.9999861582
0.9999875811,0.0049299630,0.0007301596,0.0049337824,-0.9999736508,-0.0053249840,0.0007038884,0.0053285203,-0.9999855556
0.9999874207,0.0049573313,0.0007637853,0.0049614116,-0.9999729153,-0.0054362642,0.0007368153,0.0054399853,-0.9999849317
0.9999871784,0.0049973324,0.0008182995,0.0050018425,-0.9999717792,-0.0056055697,0.0007902635,0.0056095908,-0.9999839539
0.9999870971,0.0050103955,0.0008375978,0.0050150599,-0.9999713912,-0.0056626749,0.0008092016,0.0056668024,-0.9999836161
0.9999869332,0.0050361242,0.0008779555,0.0050411148,-0.9999706008,-0.0057779417,0.0008488313,0.0057822921,-0.9999829221
0.9999867675,0.0050613316,0.0009207619,0.0050666734,-0.9999697903,-0.0058946797,0.0008908992,0.0058992669,-0.9999822023
0.9999865995,0.0050859994,0.0009661793,0.0050917193,-0.9999689591,-0.0060129244,0.0009355676,0.0060177633,-0.9999814554
0.9999863423,0.0051219870,0.0010394543,0.0051283290,-0.9999676715,-0.0061932450,0.0010076989,0.0061984911,-0.9999802814
0.9999862549,0.0051337172,0.0010653011,0.0051402822,-0.9999672309,-0.0062541743,0.0010331590,0.0062595643,-0.9999798750
0.9999860775,0.0051567648,0.0011192047,0.0051638006,-0.9999663321,-0.0063772907,0.0010862808,0.0063829813,-0.9999790386
0.9999858960,0.0051792442,0.0011761332,0.0051867856,-0.9999654093,-0.0065021051,0.0011424166,0.0065081138,-0.9999781694
0.9999857101,0.0052011095,0.0012361856,0.0052091933,-0.9999644623,-0.0066286086,0.0012016655,0.0066349534,-0.9999772664
0.9999854219,0.0052327001,0.0013322058,0.0052416706,-0.9999629949,-0.0068215599,0.0012964614,0.0068284434,-0.9999758455
0.9999853232,0.0052429024,0.0013658055,0.0052521888,-0.9999624929,-0.0068867430,0.0013296478,0.0068938154,-0.9999753534
0.9999851213,0.0052627847,0.0014353983,0.0052727346,-0.9999614694,-0.0070184033,0.0013984066,0.0070258673,-0.9999743405
0.9999849131,0.0052819403,0.0015081708,0.0052925972,-0.9999604194,-0.0071517815,0.0014703358,0.0071596557,-0.9999732884
0.9999846986,0.0053003090,0.0015841018,0.0053117178,-0.9999593430,-0.0072868373,0.0015454150,0.0072951401,-0.9999721959
0.9999843637,0.0053263060,0.0017037452,0.0053389294,-0.9999576780,-0.0074925379,0.0016637656,0.0075015169,-0.9999704791
0.9999842485,0.0053345493,0.0017451080,0.0053476011,-0.9999571092,-0.0075619401,0.0017046936,0.0075711532,-0.9999698854
0.9999840123,0.0053503720,0.0018299614,0.0053643164,-0.9999559508,-0.0077019798,0.0017886724,0.0077116732,-0.9999686649
0.9999837683,0.0053652834,0.0019175310,0.0053801685,-0.9999547644,-0.0078436519,0.0018753608,0.0078538413,-0.9999673996
0.9999835164,0.0053792316,0.0020076680,0.0053951057,-0.9999535500,-0.0079869118,0.0019646113,0.0079976117,-0.9999660887
0.9999831237,0.0053983032,0.0021472287,0.0054157513,-0.9999516746,-0.0082047642,0.0021028331,0.0082162546,-0.9999640350
0.9999829888,0.0054041694,0.0021947979,0.0054221659,-0.9999510347,-0.0082781814,0.0021499537,0.0082899411,-0.9999633266
0.9999827128,0.0054151537,0.0022913322,0.0054342827,-0.9999497325,-0.0084262100,0.0022455878,0.0084385161,-0.9999618737
0.9999824289,0.0054251355,0.0023895228,0.0054454434,-0.9999483998,-0.0085758326,0.0023428745,0.0085886939,-0.9999603719
0.9999821373,0.0054340909,0.0024891273,0.0054556232,-0.9999470362,-0.0087270283,0.0024415720,0.0087404521,-0.9999588208
0.9999816862,0.0054456246,0.0026405535,0.0054690758,-0.9999449308,-0.0089568159,0.0025916326,0.0089710932,-0.9999564005
0.9999815323,0.0054489822,0.0026914193,0.0054730942,-0.9999442123,-0.0090342367,0.0026420418,0.0090488003,-0.9999555684
0.9999812195,0.0054549843,0.0027935118,0.0054804483,-0.9999427495,-0.0091903390,0.0027432187,0.0092054761,-0.9999538659
0.9999809007,0.0054600654,0.0028958399,0.0054869202,-0.9999412511,-0.0093481586,0.0028446282,0.0093638693,-0.9999521119
0.9999805764,0.0054642459,0.0029981309,0.0054925286,-0.9999397159,-0.0095077184,0.0029459977,0.0095240010,-0.9999503060
0.9999800813,0.0054689405,0.0031508141,0.0054994292,-0.9999373405,-0.0097504519,0.0030972920,0.0097675854,-0.9999474992
0.9999799143,0.0054701247,0.0032013541,0.0055013647,-0.9999365283,-0.0098323167,0.0031473669,0.0098497310,-0.9999465370
0.9999795780,0.0054719697,0.0033016896,0.0055047345,-0.9999348715,-0.0099975307,0.0032467684,0.0100155014,-0.9999445726
0.9999792392,0.0054731742,0.0034008113,0.0055074913,-0.9999331700,-0.0101647945,0.0033449504,0.0101833134,-0.9999425541
0.9999788989,0.0054737946,0.0034984860,0.0055096894,-0.9999314217,-0.0103341726,0.0034416790,0.0103532302,-0.9999404810
0.9999783873,0.0054738207,0.0036417321,0.0055121243,-0.9999287060,-0.0105924220,0.0035834915,0.0106122667,-0.9999372672
0.9999782169,0.0054736406,0.0036884856,0.0055127572,-0.9999277743,-0.0106796833,0.0036297624,0.0106997844,-0.9999361677
0.9999778770,0.0054730647,0.0037803430,0.0055138206,-0.9999258692,-0.0108560529,0.0037206469,0.0108766569,-0.9999339254
0.9999775390,0.0054722785,0.0038698462,0.0055146896,-0.9999239059,-0.0110349765,0.0038091653,0.0110560696,-0.9999316245
0.9999772035,0.0054713605,0.0039568469,0.0055154409,-0.9999218815,-0.0112165402,0.0038951681,0.0112381083,-0.9999292638
0.9999767069,0.0054699545,0.0040823182,0.0055165610,-0.9999187234,-0.0114940901,0.0040191142,0.0115163427,-0.9999256075
0.9999765434,0.0054695327,0.0041227270,0.0055169860,-0.9999176365,-0.0115880613,0.0040590062,0.0116105345,-0.9999243571
0.9999762200,0.0054688277,0.0042013436,0.0055179808,-0.9999154086,-0.0117782672,0.0041365749,0.0118011700,-0.9999218075
0.9999759019,0.0054683807,0.0042769584,0.0055192404,-0.9999131059,-0.0119715787,0.0042111217,0.0119948958,-0.9999191912
0.9999755895,0.0054682657,0.0043495329,0.0055208377,-0.9999107252,-0.0121680754,0.0042826064,0.0121917914,-0.9999165063
0.9999751324,0.0054688999,0.0044526057,0.0055240482,-0.9999070000,-0.0124690100,0.0043839999,0.0124932964,-0.9999123452
0.9999749833,0.0054693677,0.0044853985,0.0055253763,-0.9999057153,-0.0125710255,0.0044162201,0.0125954945,-0.9999109213
0.9999746901,0.0054707397,0.0045486369,0.0055284704,-0.9999030789,-0.0127776723,0.0044782927,0.0128024960,-0.9999080163
0.9999744039,0.0054727435,0.0046087604,0.0055321977,-0.9999003501,-0.0129878676,0.0045372219,0.0130130317,-0.9999050328
0.9999741246,0.0054754169,0.0046658271,0.0055365957,-0.9998975260,-0.0132016494,0.0045930644,0.0132271406,-0.9999019685
0.9999737189,0.0054807827,0.0047457985,0.0055445493,-0.9998931041,-0.0135291648,0.0046711408,0.0135551226,-0.9998972143
0.9999735872,0.0054829538,0.0047709726,0.0055475829,-0.9998915789,-0.0136401912,0.0046956668,0.0136662983,-0.9998955861
0.9999733291,0.0054878860,0.0048191526,0.0055542397,-0.9998884493,-0.0138650447,0.0047425253,0.0138914416,-0.9998922623
0.9999730780,0.0054936121,0.0048645143,0.0055616900,-0.9998852118,-0.0140936448,0.0047865309,0.0141203202,-0.9998888467
0.9999728338,0.0055001209,0.0049071751,0.0055699225,-0.9998818643,-0.0143259730,0.0048278008,0.0143529164,-0.9998853365
0.9999724801,0.0055113403,0.0049663097,0.0055837267,-0.9998766310,-0.0146814441,0.0048847826,0.0147087706,-0.9998798883
0.9999723655,0.0055154633,0.0049847645,0.0055887109,-0.9998748287,-0.0148017956,0.0049025018,0.0148292449,-0.9998780220
0.9999721413,0.0055242637,0.0050198688,0.0055992331,-0.9998711360,-0.0150452667,0.0049361079,0.0150729550,-0.9998742125
0.9999719237,0.0055337722,0.0050526487,0.0056104627,-0.9998673239,-0.0152923957,0.0049673537,0.0153203140,-0.9998702983
0.9999717124,0.0055439293,0.0050832312,0.0056223402,-0.9998633912,-0.0155431069,0.0049963669,0.0155712468,-0.9998662774
0.9999714074,0.0055602691,0.0051252039,0.0056412595,-0.9998572629,-0.0159257659,0.0050359208,0.0159542232,-0.9998600413
0.9999713090,0.0055659845,0.0051381892,0.0056478343,-0.9998551581,-0.0160550554,0.0050480828,0.0160836144,-0.9998579070
0.9999711170,0.0055777705,0.0051627186,0.0056613380,-0.9998508545,-0.0163161863,0.0050709407,0.0163449429,-0.9998535535
0.9999709315,0.0055899699,0.0051853946,0.0056752536,-0.9998464249,-0.0165806542,0.0050919129,0.0166096007,-0.9998490854
0.9999707527,0.0056024879,0.0052063310,0.0056894864,-0.9998418690,-0.0168483471,0.0051111151,0.0168774757,-0.9998445016
0.9999704972,0.0056217005,0.0052346222,0.0057112677,-0.9998347965,-0.0172557574,0.0051367507,0.0172851447,-0.9998374056
0.9999704155,0.0056281875,0.0052432385,0.0057186094,-0.9998323748,-0.0173930956,0.0051444680,0.0174225651,-0.9998349807
0.9999702578,0.0056412237,0.0052592923,0.0057333524,-0.9998274349,-0.0176700071,0.0051587042,0.0176996349,-0.9998300409
0.9999701076,0.0056542761,0.0052738060,0.0057481075,-0.9998223657,-0.0179498284,0.0051713759,0.0179796062,-0.9998249800
0.9999699653,0.0056672473,0.0052868496,0.0057627764,-0.9998171674,-0.0182324479,0.0051825552,0.0182623672,-0.9998197973
0.9999697673,0.0056863956,0.0053037119,0.0057844601,-0.9998091266,-0.0186614663,0.0051965830,0.0186915812,-0.9998117924
0.9999697057,0.0056926670,0.0053086049,0.0057915728,-0.9998063809,-0.0188058065,0.0052005219,0.0188359819,-0.9998090619
0.9999695892,0.0057049924,0.0053173086,0.0058055741,-0.9998007909,-0.0190964352,0.0052073043,0.0191267244,-0.9998035069
0.9999694821,0.0057169785,0.0053245679,0.0058192258,-0.9997950688,-0.0193896130,0.0052126267,0.0194200062,-0.9997978255
0.9999693847,0.0057285498,0.0053304164,0.0058324515,-0.9997892143,-0.0196852589,0.0052165248,0.0197157457,-0.9997920170
0.9999692576,0.0057450302,0.0053365244,0.0058513890,-0.9997801821,-0.0201332753,0.0052196851,0.0201638824,-0.9997830628
0.9999692205,0.0057502785,0.0053378258,0.0058574486,-0.9997771035,-0.0202838253,0.0052199984,0.0203144670,-0.9997800128
0.9999691544,0.0057603826,0.0053393166,0.0058691626,-0.9997708436,-0.0205867264,0.0052195057,0.0206174287,-0.9997738136
0.9999690993,0.0057699412,0.0053393109,0.0058803127,-0.9997644450,-0.0208920189,0.0052175075,0.0209227701,-0.9997674806
0.9999690554,0.0057789199,0.0053378266,0.0058908633,-0.9997579066,-0.0211996702,0.0052140231,0.0212304586,-0.9997610122
0.9999690108,0.0057912990,0.0053327618,0.0059055592,-0.9997478310,-0.0216656119,0.0052059450,0.0216964334,-0.9997510505
0.9999690017,0.0057951425,0.0053302893,0.0059101628,-0.9997443994,-0.0218221397,0.0052024645,0.0218529661,-0.9997476593
0.9999689922,0.0058024104,0.0053241575,0.0059189315,-0.9997374244,-0.0221370382,0.0051943113,0.0221678651,-0.9997407688
0.9999689943,0.0058091344,0.0053164251,0.0059271287,-0.9997302974,-0.0224544319,0.0051845504,0.0224852468,-0.9997337316
0.9999690078,0.0058153229,0.0053071134,0.0059347621,-0.9997230156,-0.0227743405,0.0051732033,0.0228051312,-0.9997265446
0.9999690490,0.0058236810,0.0052901495,0.0059452305,-0.9997117937,-0.0232590591,0.0051531715,0.0232897904,-0.9997154748
0.9999690684,0.0058262455,0.0052836729,0.0059484821,-0.9997079707,-0.0234219728,0.0051456677,0.0234526782,-0.9997117054
0.9999691151,0.0058310740,0.0052694849,0.0059546593,-0.9997001980,-0.0237498659,0.0051294179,0.0237805104,-0.9997040444
0.9999691723,0.0058355408,0.0052536509,0.0059604396,-0.9996922521,-0.0240805779,0.0051115109,0.0241111496,-0.9996962163
0.9999692396,0.0058396799,0.0052362143,0.0059658565,-0.9996841289,-0.0244141571,0.0050919895,0.0244446446,-0.9996882169
0.9999693584,0.0058454028,0.0052070616,0.0059734267,-0.9996715995,-0.0249200992,0.0050596836,0.0249504396,-0.9996758851
0.9999694026,0.0058472131,0.0051965357,0.0059758333,-0.9996673281,-0.0250902878,0.0050480987,0.0251205737,-0.9996716828
0.9999694974,0.0058507283,0.0051742886,0.0059805114,-0.9996586387,-0.0254330412,0.0050237205,0.0254632103,-0.9996631368
0.9999696004,0.0058541483,0.0051504662,0.0059850539,-0.9996497489,-0.0257790335,0.0049977480,0.0258090756,-0.9996543973
0.9999697108,0.0058575135,0.0051251287,0.0059895010,-0.9996406539,-0.0261283164,0.0049702401,0.0261582219,-0.9996454592
0.9999698893,0.0058625790,0.0050843532,0.0059961122,-0.9996266134,-0.0266585911,0.0049261667,0.0266882747,-0.9996316666
0.9999699520,0.0058643014,0.0050700245,0.0059983286,-0.9996218238,-0.0268370916,0.0049107263,0.0268666969,-0.9996269631
0.9999700815,0.0058678304,0.0050402957,0.0060028134,-0.9996120762,-0.0271967538,0.0048787545,0.0272261960,-0.9996173928
0.9999702164,0.0058715044,0.0050091730,0.0060073999,-0.9996020993,-0.0275600119,0.0048453611,0.0275892832,-0.9996076000
0.9999703558,0.0058753426,0.0049767336,0.0060121077,-0.9995918886,-0.0279268848,0.0048106225,0.0279559776,-0.9995975796
0.9999705724,0.0058814758,0.0049257063,0.0060194641,-0.9995761221,-0.0284840698,0.0047560900,0.0285128817,-0.9995821103
0.9999706464,0.0058836371,0.0049080739,0.0060220110,-0.9995707435,-0.0286716609,0.0047372734,0.0287003757,-0.9995768338
0.9999707967,0.0058881447,0.0048719177,0.0060272563,-0.9995597982,-0.0290496486,0.0046987245,0.0290781646,-0.9995660970
0.9999709497,0.0058929035,0.0048346156,0.0060327081,-0.9995485982,-0.0294313834,0.0046589970,0.0294596943,-0.9995551111
0.9999711050,0.0058979003,0.0047962453,0.0060383538,-0.9995371402,-0.0298168361,0.0046181686,0.0298449360,-0.9995438721
0.9999713416,0.0059058398,0.0047367788,0.0060471825,-0.9995194604,-0.0304019699,0.0045549534,0.0304297428,-0.9995265295
0.9999714213,0.0059086033,0.0047164575,0.0060502195,-0.9995134336,-0.0305988706,0.0045333661,0.0306265317,-0.9995206172
0.9999715819,0.0059142902,0.0046751031,0.0060564190,-0.9995011771,-0.0309954303,0.0044894551,0.0310228638,-0.9995085926
0.9999717439,0.0059201671,0.0046328301,0.0060627617,-0.9994886478,-0.0313956330,0.0044445937,0.0314228337,-0.9994962987
0.9999719071,0.0059261840,0.0045897099,0.0060691982,-0.9994758442,-0.0317993962,0.0043988552,0.0318263587,-0.9994837332
