p_x,p_y,p_z,v_x,v_y,v_z,r11,r12,r13,r21,r22,r23,r31,r32,r33
0,0,0.999999,0,0,-0.00490333,1,0,0,0,1,0,0,0,1
2.39066e-12,1.72004e-14,0.999995,2.03711e-09,1.46567e-11,-0.00980664,1,2.66263e-17,1.49621e-13,-2.66263e-17,1,1.06023e-15,-1.49621e-13,-1.06023e-15,1
-1.56141e-07,-4.32296e-09,0.999988,-9.30029e-05,-2.56352e-06,-0.0155785,1,-1.87938e-12,-7.32374e-09,1.87938e-12,1,-2.198e-10,7.32374e-09,2.198e-10,1
-2.02643e-07,-5.60472e-09,0.999979,-9.30029e-05,-2.56352e-06,-0.0204818,1,-1.25293e-12,-7.32798e-09,1.25293e-12,1,-2.19288e-10,7.32798e-09,2.19288e-10,1
7.14722e-07,-2.15699e-06,0.999968,0.00376246,-0.00860297,-0.0235477,1,-4.79649e-07,-9.67283e-06,4.79696e-07,1,4.85743e-06,9.67283e-06,-4.85744e-06,1
3.55981e-06,-8.60857e-06,0.999955,0.00761791,-0.0172034,-0.0266135,1,-9.59249e-07,-1.93383e-05,9.59437e-07,1,9.71508e-06,1.93383e-05,-9.7151e-06,1
8.33263e-06,-1.93603e-05,0.999941,0.0114733,-0.0258037,-0.0296792,1,-1.4388e-06,-2.90038e-05,1.43923e-06,1,1.45727e-05,2.90038e-05,-1.45728e-05,1
1.38935e-05,-3.05878e-05,0.999925,0.0107703,-0.0191061,-0.0348339,1,-2.63773e-06,-4.41181e-05,2.63859e-06,1,1.95503e-05,4.41181e-05,-1.95504e-05,1
1.9103e-05,-3.84665e-05,0.999906,0.0100673,-0.0124086,-0.0399886,1,-3.83658e-06,-5.92324e-05,3.83803e-06,1,2.45278e-05,5.92323e-05,-2.4528e-05,1
2.39007e-05,-4.4688e-05,0.999885,0.00912349,-0.0124775,-0.0459267,1,-5.90173e-06,-7.92686e-05,5.90293e-06,1,1.51264e-05,7.92685e-05,-1.51269e-05,1
2.82265e-05,-5.0944e-05,0.99986,0.00817966,-0.0125465,-0.0518648,1,-7.96706e-06,-9.93047e-05,7.96763e-06,1,5.72498e-06,9.93047e-05,-5.72577e-06,1
3.20803e-05,-5.72345e-05,0.999833,0.00723587,-0.0126155,-0.0578029,1,-1.00326e-05,-0.000119341,1.00321e-05,1,-3.6765e-06,0.000119341,3.6753e-06,1
3.54107e-05,-6.35593e-05,0.999802,0.00608571,-0.0126837,-0.0640007,1,-1.36848e-05,-0.000144338,1.3683e-05,1,-1.21882e-05,0.000144338,1.21862e-05,1
3.81661e-05,-6.99182e-05,0.999769,0.0049356,-0.012752,-0.0701987,1,-1.73372e-05,-0.000169335,1.73337e-05,1,-2.06999e-05,0.000169335,2.0697e-05,1
4.03138e-05,-7.63103e-05,0.999732,0.00365551,-0.0128162,-0.0766297,1,-2.31082e-05,-0.000202783,2.31025e-05,1,-2.80608e-05,0.000202784,2.80562e-05,1
4.18216e-05,-8.27344e-05,0.999692,0.00237549,-0.0128804,-0.0830607,1,-2.88794e-05,-0.000236231,2.88711e-05,1,-3.54219e-05,0.000236232,3.54151e-05,1
4.26893e-05,-8.91907e-05,0.999649,0.00109551,-0.0129446,-0.0894918,1,-3.46509e-05,-0.000269679,3.46394e-05,1,-4.27832e-05,0.000269681,4.27739e-05,1
4.29297e-05,-9.56782e-05,0.999603,-0.000134082,-0.0130056,-0.0959587,1,-4.16407e-05,-0.000308668,4.16254e-05,1,-4.95164e-05,0.00030867,4.95035e-05,1
4.25553e-05,-0.000102196,0.999553,-0.00136361,-0.0130665,-0.102426,1,-4.86307e-05,-0.000347657,4.86111e-05,1,-5.62498e-05,0.00034766,5.62329e-05,1
4.16308e-05,-0.000108743,0.9995,-0.0023343,-0.0131196,-0.108776,1,-5.71203e-05,-0.000393589,5.70958e-05,1,-6.22865e-05,0.000393593,6.2264e-05,1
4.0221e-05,-0.000115316,0.999444,-0.00330492,-0.0131727,-0.115127,1,-6.56102e-05,-0.000439521,6.55802e-05,1,-6.83236e-05,0.000439525,6.82947e-05,1
3.83259e-05,-0.000121915,0.999385,-0.00427548,-0.0132258,-0.121477,1,-7.41004e-05,-0.000485452,7.40643e-05,1,-7.4361e-05,0.000485458,7.43251e-05,1
3.60117e-05,-0.00012854,0.999323,-0.00498101,-0.0132745,-0.127656,1,-8.33901e-05,-0.000534445,8.33473e-05,1,-8.0092e-05,0.000534452,8.00474e-05,1
3.33449e-05,-0.00013519,0.999257,-0.00568648,-0.0133232,-0.133835,1,-9.268e-05,-0.000583438,9.26299e-05,1,-8.58234e-05,0.000583446,8.57694e-05,1
3.04478e-05,-0.000141863,0.999189,-0.00590183,-0.0133672,-0.139646,1,-0.00010288,-0.00063403,0.000102823,1,-9.13038e-05,0.000634039,9.12386e-05,1
2.7443e-05,-0.000148557,0.999118,-0.00611714,-0.0134112,-0.145457,1,-0.000113081,-0.000684622,0.000113015,1,-9.67847e-05,0.000684633,9.67073e-05,1
2.43306e-05,-0.000155274,0.999044,-0.0063324,-0.0134552,-0.151268,1,-0.000123282,-0.000735213,0.000123207,1,-0.000102266,0.000735226,0.000102175,1
2.11961e-05,-0.000162012,0.998967,-0.00620563,-0.0134976,-0.156795,1,-0.000133954,-0.000784644,0.00013387,1,-0.000107682,0.000784659,0.000107577,1
1.8125e-05,-0.000168771,0.998887,-0.00607882,-0.01354,-0.162322,1,-0.000144627,-0.000834075,0.000144533,1,-0.000113098,0.000834092,0.000112977,1
1.52367e-05,-0.000175552,0.998804,-0.00547451,-0.0135836,-0.167412,1,-0.000155855,-0.000878659,0.000155751,1,-0.000118514,0.000878678,0.000118377,1
1.26505e-05,-0.000182355,0.998719,-0.0048702,-0.0136272,-0.172503,1,-0.000167082,-0.000923243,0.000166968,1,-0.000123932,0.000923264,0.000123777,1
1.03665e-05,-0.000189179,0.998632,-0.00426587,-0.0136707,-0.177593,1,-0.00017831,-0.000967827,0.000178185,1,-0.000129349,0.00096785,0.000129177,1
8.44637e-06,-0.000196026,0.998542,-0.00341464,-0.0137163,-0.182422,0.999999,-0.000189867,-0.00100737,0.000189731,1,-0.000134783,0.0010074,0.000134591,0.999999
6.95186e-06,-0.000202896,0.998449,-0.00256341,-0.0137618,-0.187252,0.999999,-0.000201423,-0.00104692,0.000201276,1,-0.000140216,0.00104695,0.000140006,0.999999
5.93963e-06,-0.00020979,0.998355,-0.00148551,-0.013814,-0.191772,0.999999,-0.000213477,-0.00107721,0.00021332,1,-0.000145638,0.00107725,0.000145408,0.999999
5.46635e-06,-0.00021671,0.998258,-0.000407613,-0.0138662,-0.196292,0.999999,-0.000225531,-0.00110751,0.000225364,1,-0.000151059,0.00110754,0.000150809,0.999999
5.53202e-06,-0.000223656,0.998158,0.00067027,-0.0139184,-0.200812,0.999999,-0.000237586,-0.0011378,0.000237408,1,-0.000156481,0.00113784,0.000156211,0.999999
6.14709e-06,-0.000230629,0.998057,0.00179002,-0.0139758,-0.205197,0.999999,-0.000250029,-0.00116137,0.000249842,1,-0.000161823,0.00116142,0.000161533,0.999999
7.32204e-06,-0.000237632,0.997953,0.00290976,-0.0140331,-0.209583,0.999999,-0.000262473,-0.00118495,0.000262275,1,-0.000167166,0.001185,0.000166855,0.999999
9.02838e-06,-0.000244664,0.997847,0.00391563,-0.0140972,-0.213888,0.999999,-0.000275596,-0.00119896,0.000275389,1,-0.000172269,0.00119901,0.000171939,0.999999
1.12377e-05,-0.000251729,0.997739,0.00492149,-0.0141612,-0.218193,0.999999,-0.000288719,-0.00121297,0.000288504,1,-0.000177373,0.00121302,0.000177023,0.999999
1.39499e-05,-0.000258825,0.997629,0.00592734,-0.0142253,-0.222498,0.999999,-0.000301841,-0.00122698,0.000301618,1,-0.000182476,0.00122704,0.000182106,0.999999
1.71212e-05,-0.000265955,0.997517,0.00675782,-0.0142939,-0.226822,0.999999,-0.000315502,-0.00123556,0.000315271,1,-0.00018733,0.00123562,0.00018694,0.999999
2.07077e-05,-0.000273119,0.997402,0.0075883,-0.0143625,-0.231147,0.999999,-0.000329163,-0.00124414,0.000328924,1,-0.000192184,0.0012442,0.000191774,0.999999
2.46135e-05,-0.000280319,0.997286,0.00803493,-0.0144377,-0.235595,0.999999,-0.00034375,-0.00124699,0.000343505,1,-0.000196536,0.00124705,0.000196108,0.999999
2.87426e-05,-0.000287557,0.997167,0.00848155,-0.0145129,-0.240043,0.999999,-0.000358337,-0.00124983,0.000358086,1,-0.000200889,0.0012499,0.000200441,0.999999
3.30951e-05,-0.000294832,0.997046,0.00892817,-0.0145881,-0.244491,0.999999,-0.000372924,-0.00125268,0.000372668,1,-0.000205242,0.00125276,0.000204775,0.999999
3.75959e-05,-0.000302146,0.996922,0.00907508,-0.0146659,-0.249059,0.999999,-0.000388182,-0.00125368,0.000387921,1,-0.000209204,0.00125376,0.000208718,0.999999
4.21701e-05,-0.000309498,0.996797,0.00922198,-0.0147436,-0.253627,0.999999,-0.000403441,-0.00125468,0.000403173,1,-0.000213167,0.00125477,0.000212661,0.999999
4.67027e-05,-0.000316889,0.996669,0.00890836,-0.0148203,-0.258397,0.999999,-0.000419724,-0.0012561,0.000419453,1,-0.000216514,0.00125619,0.000215987,0.999999
5.10785e-05,-0.000324318,0.996538,0.00859474,-0.0148969,-0.263166,0.999999,-0.000436008,-0.00125752,0.000435732,1,-0.000219862,0.00125762,0.000219313,0.999999
5.52975e-05,-0.000331786,0.996405,0.00828113,-0.0149735,-0.267935,0.999999,-0.000452292,-0.00125894,0.000452011,1,-0.000223209,0.00125904,0.00022264,0.999999
5.92914e-05,-0.000339291,0.99627,0.00769447,-0.0150479,-0.272824,0.999999,-0.00046925,-0.00126268,0.000468964,1,-0.000226164,0.00126278,0.000225572,0.999999
6.29919e-05,-0.000346834,0.996133,0.0071078,-0.0151223,-0.277713,0.999999,-0.000486208,-0.00126641,0.000485918,1,-0.000229119,0.00126653,0.000228503,0.999999
6.63215e-05,-0.000354411,0.995992,0.0062104,-0.0151881,-0.282728,0.999999,-0.000504057,-0.00127613,0.000503762,1,-0.000231593,0.00127625,0.000230949,0.999999
6.92023e-05,-0.000362022,0.99585,0.00531299,-0.015254,-0.287742,0.999999,-0.000521907,-0.00128585,0.000521606,1,-0.000234066,0.00128597,0.000233395,0.999999
7.16345e-05,-0.000369665,0.995705,0.00441559,-0.0153199,-0.292756,0.999999,-0.000539756,-0.00129556,0.00053945,1,-0.00023654,0.00129569,0.000235841,0.999999
7.35887e-05,-0.00037734,0.995557,0.00340134,-0.0153782,-0.297801,0.999999,-0.000558095,-0.00131044,0.000557782,1,-0.0002388,0.00131058,0.000238069,0.999999
7.50358e-05,-0.000385044,0.995407,0.0023871,-0.0154366,-0.302847,0.999999,-0.000576433,-0.00132532,0.000576114,1,-0.000241059,0.00132546,0.000240296,0.999999
7.59734e-05,-0.000392774,0.995254,0.00136333,-0.0154833,-0.307841,0.999999,-0.000595278,-0.00134868,0.000594951,1,-0.000243217,0.00134883,0.000242414,0.999999
7.63991e-05,-0.000400527,0.995099,0.000339563,-0.01553,-0.312836,0.999999,-0.000614123,-0.00137204,0.000613787,1,-0.000245374,0.00137219,0.000244532,0.999999
7.6313e-05,-0.000408304,0.994941,-0.000684199,-0.0155767,-0.317831,0.999999,-0.000632968,-0.0013954,0.000632623,1,-0.000247533,0.00139556,0.00024665,0.999999
7.57381e-05,-0.000416101,0.994781,-0.00161515,-0.0156134,-0.322734,0.999999,-0.000651993,-0.00142425,0.000651638,1,-0.00024978,0.00142442,0.000248852,0.999999
7.46978e-05,-0.000423917,0.994619,-0.00254611,-0.0156501,-0.327637,0.999999,-0.000671019,-0.0014531,0.000670653,1,-0.000252028,0.00145327,0.000251053,0.999999
7.32614e-05,-0.000431748,0.994454,-0.00319959,-0.0156754,-0.332325,0.999999,-0.000690054,-0.00148892,0.000689675,1,-0.000254662,0.00148909,0.000253635,0.999999
7.14982e-05,-0.000439592,0.994286,-0.00385307,-0.0157008,-0.337013,0.999999,-0.000709088,-0.00152474,0.000708697,1,-0.000257297,0.00152492,0.000256216,0.999999
6.94083e-05,-0.000447449,0.994117,-0.00450657,-0.0157261,-0.341702,0.999999,-0.000728123,-0.00156055,0.000727718,1,-0.000259933,0.00156074,0.000258797,0.999999
6.70564e-05,-0.000455317,0.993945,-0.00490098,-0.0157434,-0.346209,0.999998,-0.000747018,-0.00159964,0.000746598,1,-0.000262974,0.00159984,0.000261779,0.999999
6.45073e-05,-0.000463193,0.99377,-0.00529541,-0.0157607,-0.350716,0.999998,-0.000765912,-0.00163874,0.000765477,1,-0.000266015,0.00163894,0.00026476,0.999999
6.18685e-05,-0.000471075,0.993594,-0.00525994,-0.015771,-0.354941,0.999998,-0.000784392,-0.00168022,0.00078394,1,-0.000269857,0.00168043,0.00026854,0.999999
5.92474e-05,-0.000478964,0.993416,-0.0052245,-0.0157814,-0.359167,0.999998,-0.000802872,-0.00172171,0.000802402,1,-0.0002737,0.00172192,0.000272318,0.999998
5.6644e-05,-0.000486857,0.993235,-0.0051891,-0.0157917,-0.363392,0.999998,-0.000821352,-0.00176319,0.000820864,1,-0.000277544,0.00176342,0.000276096,0.999998
5.41309e-05,-0.000494755,0.993052,-0.00486324,-0.0157993,-0.367441,0.999998,-0.000839468,-0.00180441,0.00083896,1,-0.000282006,0.00180465,0.000280491,0.999998
5.17808e-05,-0.000502656,0.992867,-0.00453742,-0.0158068,-0.37149,0.999998,-0.000857583,-0.00184563,0.000857056,1,-0.000286468,0.00184588,0.000284885,0.999998
4.96887e-05,-0.000510561,0.992681,-0.00383061,-0.015812,-0.375334,0.999998,-0.000875083,-0.00188391,0.000874534,1,-0.000291911,0.00188416,0.000290262,0.999998
4.79501e-05,-0.000518468,0.992492,-0.00312385,-0.0158173,-0.379179,0.999998,-0.000892582,-0.00192219,0.000892012,1,-0.000297354,0.00192245,0.000295639,0.999998
4.65649e-05,-0.000526378,0.992302,-0.00241712,-0.0158225,-0.383023,0.999998,-0.000910082,-0.00196047,0.00090949,1,-0.000302799,0.00196074,0.000301015,0.999998
4.55818e-05,-0.000534291,0.992109,-0.0015154,-0.0158311,-0.386788,0.999998,-0.000927182,-0.00199528,0.000926567,1,-0.000308877,0.00199557,0.000307027,0.999998
4.50495e-05,-0.000542209,0.991915,-0.000613712,-0.0158397,-0.390553,0.999997,-0.000944282,-0.0020301,0.000943645,1,-0.000314956,0.00203039,0.000313039,0.999998
4.50088e-05,-0.000550133,0.991719,0.000451055,-0.0158538,-0.39431,0.999997,-0.000960839,-0.00205829,0.000960179,0.999999,-0.000321892,0.0020586,0.000319915,0.999998
4.55005e-05,-0.000558063,0.99152,0.00151579,-0.015868,-0.398067,0.999997,-0.000977397,-0.00208648,0.000976713,0.999999,-0.00032883,0.00208681,0.000326791,0.999998
4.65246e-05,-0.000566001,0.99132,0.00258049,-0.015882,-0.401824,0.999997,-0.000993954,-0.00211468,0.000993246,0.999999,-0.000335767,0.00211501,0.000333666,0.999998
4.80857e-05,-0.000573947,0.991119,0.00366386,-0.0159035,-0.405652,0.999997,-0.00101024,-0.00213797,0.00100951,0.999999,-0.000343166,0.00213831,0.000341007,0.999998
5.01885e-05,-0.000581904,0.990915,0.00474719,-0.0159248,-0.409479,0.999997,-0.00102653,-0.00216125,0.00102577,0.999999,-0.000350566,0.00216161,0.000348348,0.999998
5.28042e-05,-0.000589874,0.990709,0.00571561,-0.0159563,-0.413525,0.999997,-0.00104254,-0.00217742,0.00104176,0.999999,-0.000358452,0.00217779,0.000356183,0.999998
5.59041e-05,-0.00059786,0.990501,0.00668402,-0.0159878,-0.417571,0.999997,-0.00105856,-0.00219358,0.00105776,0.999999,-0.000366339,0.00219397,0.000364018,0.999998
5.94882e-05,-0.000605862,0.990292,0.00765241,-0.0160193,-0.421617,0.999997,-0.00107457,-0.00220974,0.00107375,0.999999,-0.000374227,0.00221014,0.000371853,0.999997
6.35159e-05,-0.000613881,0.99008,0.00845859,-0.0160579,-0.425873,0.999997,-0.00109053,-0.00222177,0.00108968,0.999999,-0.000382281,0.00222219,0.000379858,0.999997
6.79468e-05,-0.00062192,0.989866,0.00926477,-0.0160965,-0.430128,0.999997,-0.00110649,-0.0022338,0.00110562,0.999999,-0.000390335,0.00223423,0.000387864,0.999997
7.2701e-05,-0.000629981,0.989649,0.00975197,-0.0161467,-0.434748,0.999997,-0.00112251,-0.00224126,0.00112162,0.999999,-0.000398411,0.0022417,0.000395896,0.999997
7.76987e-05,-0.000638067,0.989431,0.0102392,-0.0161968,-0.439368,0.999997,-0.00113854,-0.00224871,0.00113763,0.999999,-0.000406488,0.00224917,0.000403928,0.999997
8.29401e-05,-0.000646178,0.98921,0.0107264,-0.0162469,-0.443988,0.999997,-0.00115457,-0.00225617,0.00115363,0.999999,-0.000414565,0.00225664,0.00041196,0.999997
8.83635e-05,-0.000654315,0.988987,0.0109669,-0.0163028,-0.448867,0.999997,-0.00117073,-0.00226189,0.00116978,0.999999,-0.000422513,0.00226238,0.000419866,0.999997
9.39071e-05,-0.00066248,0.988761,0.0112075,-0.0163588,-0.453745,0.999997,-0.00118689,-0.00226761,0.00118592,0.999999,-0.000430462,0.00226812,0.000427771,0.999997
9.94767e-05,-0.000670675,0.988533,0.011071,-0.0164203,-0.458997,0.999997,-0.00120334,-0.00227283,0.00120235,0.999999,-0.000438056,0.00227336,0.000435322,0.999997
0.000104978,-0.000678901,0.988302,0.0109345,-0.0164818,-0.464248,0.999997,-0.0012198,-0.00227805,0.00121878,0.999999,-0.000445651,0.00227859,0.000442873,0.999997
0.000110411,-0.000687157,0.988069,0.010798,-0.0165433,-0.469499,0.999997,-0.00123625,-0.00228327,0.00123522,0.999999,-0.000453245,0.00228383,0.000450423,0.999997
0.000115721,-0.000695445,0.987833,0.0104426,-0.0166073,-0.474959,0.999997,-0.00125292,-0.00228947,0.00125187,0.999999,-0.000460531,0.00229005,0.000457663,0.999997
0.000120854,-0.000703764,0.987594,0.0100873,-0.0166713,-0.480419,0.999997,-0.00126959,-0.00229567,0.00126852,0.999999,-0.000467816,0.00229626,0.000464902,0.999997
0.000125745,-0.000712116,0.987352,0.00947888,-0.0167361,-0.486108,0.999997,-0.00128657,-0.00230481,0.00128548,0.999999,-0.00047458,0.00230542,0.000471616,0.999997
0.000130333,-0.0007205,0.987108,0.00887051,-0.0168009,-0.491797,0.999996,-0.00130355,-0.00231396,0.00130244,0.999999,-0.000481345,0.00231459,0.000478329,0.999997
0.000134616,-0.000728917,0.98686,0.00826216,-0.0168657,-0.497486,0.999996,-0.00132053,-0.00232311,0.0013194,0.999999,-0.000488109,0.00232375,0.000485042,0.999997
0.00013857,-0.000737366,0.98661,0.00755482,-0.016928,-0.503257,0.999996,-0.00133768,-0.00233487,0.00133653,0.999999,-0.00049452,0.00233553,0.000491397,0.999997
0.000142171,-0.000745845,0.986357,0.0068475,-0.0169904,-0.509027,0.999996,-0.00135483,-0.00234663,0.00135366,0.999999,-0.000500931,0.0023473,0.000497752,0.999997
0.000145413,-0.000754363,0.986101,0.00612124,-0.0170821,-0.514783,0.999996,-0.00137211,-0.00236246,0.00137092,0.999999,-0.00050686,0.00236315,0.000503619,0.999997
0.000148292,-0.000762927,0.985842,0.00539499,-0.0171739,-0.520538,0.999996,-0.0013894,-0.00237829,0.00138818,0.999999,-0.000512789,0.002379,0.000509486,0.999997
0.000150808,-0.000771537,0.985581,0.00466876,-0.0172656,-0.526293,0.999996,-0.00140668,-0.00239413,0.00140545,0.999999,-0.000518719,0.00239485,0.000515352,0.999997
0.00015297,-0.000780193,0.985316,0.00398034,-0.017358,-0.531994,0.999996,-0.00142403,-0.00241244,0.00142277,0.999999,-0.000524188,0.00241318,0.000520753,0.999997
0.000154788,-0.000788895,0.985049,0.00329194,-0.0174504,-0.537696,0.999996,-0.00144138,-0.00243075,0.00144009,0.999999,-0.000529656,0.00243151,0.000526154,0.999997
0.000156299,-0.000797644,0.984778,0.00275151,-0.017546,-0.543224,0.999996,-0.00145874,-0.00245136,0.00145743,0.999999,-0.000534417,0.00245214,0.000530842,0.999997
0.00015754,-0.000806441,0.984505,0.00221109,-0.0176417,-0.548752,0.999996,-0.0014761,-0.00247197,0.00147477,0.999999,-0.000539178,0.00247276,0.000535531,0.999997
0.00015851,-0.000815286,0.98423,0.00167069,-0.0177373,-0.55428,0.999996,-0.00149346,-0.00249258,0.00149211,0.999999,-0.00054394,0.00249339,0.000540219,0.999997
0.000159248,-0.00082418,0.983951,0.00128145,-0.0178375,-0.559641,0.999996,-0.00151081,-0.00251342,0.00150944,0.999999,-0.000548198,0.00251425,0.000544402,0.999997
0.000159792,-0.000833123,0.98367,0.000892217,-0.0179377,-0.565002,0.999996,-0.00152816,-0.00253427,0.00152677,0.999999,-0.000552456,0.00253511,0.000548584,0.999997
0.000160202,-0.000842118,0.983386,0.00075046,-0.0180416,-0.570082,0.999996,-0.00154548,-0.00255328,0.00154407,0.999999,-0.000555873,0.00255414,0.000551928,0.999997
0.000160542,-0.000851165,0.9831,0.000608709,-0.0181455,-0.575161,0.999995,-0.0015628,-0.0025723,0.00156137,0.999999,-0.000559291,0.00257317,0.000555272,0.999997
0.000160811,-0.000860264,0.982811,0.000466963,-0.0182494,-0.580241,0.999995,-0.00158012,-0.00259131,0.00157867,0.999999,-0.000562708,0.0025922,0.000558615,0.999996
0.00016105,-0.000869417,0.98252,0.000488896,-0.0183615,-0.58513,0.999995,-0.00159746,-0.00260762,0.00159599,0.999999,-0.000565478,0.00260852,0.000561313,0.999996
0.0001613,-0.000878625,0.982226,0.000510832,-0.0184736,-0.59002,0.999995,-0.00161479,-0.00262392,0.00161331,0.999999,-0.000568248,0.00262484,0.000564012,0.999996
0.000161611,-0.000887893,0.98193,0.000733649,-0.018598,-0.594658,0.999995,-0.00163225,-0.00263424,0.00163075,0.999999,-0.000569837,0.00263516,0.000565538,0.999996
0.000162033,-0.000897223,0.981631,0.000956466,-0.0187224,-0.599297,0.999995,-0.0016497,-0.00264455,0.0016482,0.999998,-0.000571426,0.00264549,0.000567065,0.999996
0.000162567,-0.000906616,0.98133,0.00117928,-0.0188468,-0.603936,0.999995,-0.00166716,-0.00265486,0.00166564,0.999998,-0.000573016,0.00265581,0.000568591,0.999996
0.000163232,-0.000916073,0.981027,0.00148049,-0.0189815,-0.608454,0.999995,-0.00168482,-0.00266019,0.0016833,0.999998,-0.000573628,0.00266115,0.000569147,0.999996
0.000164048,-0.000925597,0.980722,0.00178169,-0.0191163,-0.612972,0.999995,-0.00170247,-0.00266551,0.00170095,0.999998,-0.00057424,0.00266648,0.000569704,0.999996
0.000165019,-0.000935193,0.980414,0.002103,-0.0192684,-0.617398,0.999995,-0.00172066,-0.00266253,0.00171914,0.999998,-0.00057303,0.00266351,0.00056845,0.999996
0.000166151,-0.000944865,0.980105,0.0024243,-0.0194205,-0.621824,0.999995,-0.00173885,-0.00265955,0.00173734,0.999998,-0.00057182,0.00266054,0.000567196,0.999996
0.000167443,-0.000954614,0.979793,0.00274561,-0.0195726,-0.62625,0.999995,-0.00175705,-0.00265658,0.00175554,0.999998,-0.000570609,0.00265757,0.000565942,0.999996
0.000168882,-0.000964442,0.979478,0.00300911,-0.0197409,-0.630681,0.999995,-0.00177577,-0.00264796,0.00177427,0.999998,-0.00056791,0.00264897,0.000563209,0.999996
0.000170453,-0.000974355,0.979162,0.00327262,-0.0199092,-0.635113,0.999995,-0.0017945,-0.00263935,0.00179301,0.999998,-0.000565212,0.00264036,0.000560476,0.999996
0.000172111,-0.000984357,0.978843,0.00336184,-0.0200983,-0.639643,0.999995,-0.00181432,-0.00262289,0.00181286,0.999998,-0.000559835,0.0026239,0.000555077,0.999996
0.000173814,-0.000994453,0.978522,0.00345106,-0.0202875,-0.644174,0.999995,-0.00183414,-0.00260643,0.0018327,0.999998,-0.000554457,0.00260744,0.000549678,0.999996
0.000175562,-0.00100464,0.978199,0.0035403,-0.0204767,-0.648705,0.999995,-0.00185396,-0.00258997,0.00185255,0.999998,-0.00054908,0.00259099,0.000544279,0.999996
0.000177311,-0.00101493,0.977874,0.0034551,-0.0206811,-0.653362,0.999995,-0.0018747,-0.00256908,0.00187332,0.999998,-0.000541616,0.00257009,0.0005368,0.999997
0.000179017,-0.00102533,0.977546,0.00336992,-0.0208854,-0.65802,0.999995,-0.00189544,-0.00254819,0.00189409,0.999998,-0.000534152,0.0025492,0.000529322,0.999997
0.000180607,-0.00103582,0.977215,0.00298705,-0.0211078,-0.662922,0.999995,-0.00191781,-0.0025223,0.00191649,0.999998,-0.000523126,0.0025233,0.000518289,0.999997
0.000182004,-0.00104643,0.976883,0.00260419,-0.0213303,-0.667824,0.999995,-0.00194017,-0.00249642,0.0019389,0.999998,-0.000512099,0.0024974,0.000507256,0.999997
0.000183211,-0.00105715,0.976548,0.00222133,-0.0215527,-0.672726,0.999995,-0.00196254,-0.00247053,0.0019613,0.999998,-0.000501072,0.00247151,0.000496224,0.999997
0.000184173,-0.00106799,0.97621,0.00162827,-0.0217882,-0.677817,0.999995,-0.00198612,-0.00244258,0.00198493,0.999998,-0.000487415,0.00244355,0.000482564,0.999997
0.000184839,-0.00107894,0.97587,0.00103521,-0.0220237,-0.682907,0.999995,-0.0020097,-0.00241464,0.00200856,0.999998,-0.000473757,0.00241558,0.000468905,0.999997
0.000185138,-0.00109002,0.975527,0.000160313,-0.0222708,-0.688279,0.999995,-0.00203523,-0.00238547,0.00203415,0.999998,-0.000455834,0.00238639,0.00045098,0.999997
0.000184999,-0.00110121,0.975182,-0.000714596,-0.0225179,-0.693651,0.999995,-0.00206076,-0.00235631,0.00205974,0.999998,-0.000437911,0.0023572,0.000433055,0.999997
0.000184423,-0.00111253,0.974833,-0.00158951,-0.0227651,-0.699023,0.999995,-0.0020863,-0.00232714,0.00208532,0.999998,-0.000419986,0.00232801,0.000415131,0.999997
0.000183372,-0.00112398,0.974482,-0.00261443,-0.0230181,-0.704568,0.999995,-0.00211317,-0.00229829,0.00211225,0.999998,-0.000399049,0.00229912,0.000394193,0.999997
0.000181809,-0.00113555,0.974129,-0.00363936,-0.0232711,-0.710113,0.999995,-0.00214004,-0.00226943,0.00213918,0.999998,-0.000378111,0.00227023,0.000373255,0.999997
0.000179698,-0.00114725,0.973772,-0.00480407,-0.0235283,-0.71587,0.999995,-0.00216885,-0.00224228,0.00216806,0.999998,-0.000352524,0.00224304,0.00034766,0.999997
0.000177005,-0.00115908,0.973413,-0.00596879,-0.0237855,-0.721627,0.999995,-0.00219766,-0.00221513,0.00219694,0.999998,-0.000326935,0.00221585,0.000322067,0.999997
0.000173729,-0.00117104,0.973051,-0.00713353,-0.0240429,-0.727383,0.999995,-0.00222647,-0.00218799,0.00222581,0.999997,-0.000301345,0.00218865,0.000296474,0.999998
0.000169866,-0.00118312,0.972686,-0.00831912,-0.0242992,-0.733236,0.999995,-0.0022565,-0.00216244,0.00225592,0.999997,-0.000272599,0.00216305,0.000267719,0.999998
0.00016541,-0.00119534,0.972317,-0.00950472,-0.0245557,-0.739089,0.999995,-0.00228654,-0.00213689,0.00228602,0.999997,-0.000243852,0.00213744,0.000238965,0.999998
0.00016038,-0.00120768,0.971946,-0.0106162,-0.024806,-0.745015,0.999995,-0.00231819,-0.00211384,0.00231775,0.999997,-0.000210413,0.00211432,0.000205513,0.999998
0.000154794,-0.00122014,0.971572,-0.0117277,-0.0250564,-0.750941,0.999995,-0.00234985,-0.00209078,0.00234948,0.999997,-0.000176974,0.00209119,0.000172061,0.999998
0.000148652,-0.00123273,0.971195,-0.0128392,-0.0253068,-0.756867,0.999995,-0.0023815,-0.00206772,0.00238121,0.999997,-0.000143534,0.00206806,0.00013861,0.999998
0.000141983,-0.00124545,0.970816,-0.0138361,-0.0255505,-0.762795,0.999995,-0.00241411,-0.00204597,0.00241389,0.999997,-0.000107001,0.00204622,0.000102062,0.999998
0.000134816,-0.00125828,0.970433,-0.014833,-0.0257941,-0.768723,0.999995,-0.00244671,-0.00202422,0.00244657,0.999997,-7.04679e-05,0.00202438,6.55152e-05,0.999998
0.000127212,-0.00127124,0.970047,-0.0155813,-0.0260284,-0.774595,0.999995,-0.00248045,-0.00200344,0.0024804,0.999997,-2.9453e-05,0.00200351,2.44835e-05,0.999998
0.000119235,-0.00128431,0.969658,-0.0163295,-0.0262628,-0.780467,0.999995,-0.00251419,-0.00198267,0.00251422,0.999997,1.15626e-05,0.00198264,-1.65474e-05,0.999998
0.000110883,-0.0012975,0.969266,-0.0170777,-0.0264972,-0.786339,0.999995,-0.00254793,-0.0019619,0.00254804,0.999997,5.25789e-05,0.00196176,-5.75777e-05,0.999998
0.000102206,-0.00131081,0.968872,-0.0176308,-0.0267211,-0.792146,0.999995,-0.00258228,-0.00194085,0.00258248,0.999997,9.64976e-05,0.0019406,-0.000101509,0.999998
9.32522e-05,-0.00132422,0.968474,-0.0181838,-0.0269451,-0.797953,0.999995,-0.00261663,-0.0019198,0.00261691,0.999997,0.000140417,0.00191943,-0.00014544,0.999998
8.40992e-05,-0.00133775,0.968074,-0.0184284,-0.0271548,-0.803641,0.999995,-0.00265166,-0.00189689,0.00265202,0.999996,0.0001885,0.00189639,-0.00019353,0.999998
7.48238e-05,-0.00135138,0.967671,-0.018673,-0.0273645,-0.809329,0.999995,-0.00268668,-0.00187398,0.00268713,0.999996,0.000236584,0.00187334,-0.000241619,0.999998
6.54262e-05,-0.00136511,0.967265,-0.0189177,-0.0275742,-0.815016,0.999995,-0.0027217,-0.00185108,0.00272224,0.999996,0.000284669,0.0018503,-0.000289707,0.999998
5.59562e-05,-0.00137895,0.966856,-0.0189622,-0.0277754,-0.82062,0.999995,-0.00275708,-0.00182591,0.00275769,0.999996,0.000335443,0.00182498,-0.000340477,0.999998
4.6464e-05,-0.00139289,0.966444,-0.0190067,-0.0279765,-0.826224,0.999994,-0.00279245,-0.00180075,0.00279315,0.999996,0.000386218,0.00179967,-0.000391245,0.999998
3.70097e-05,-0.00140692,0.966029,-0.0188104,-0.0281642,-0.831728,0.999994,-0.0028282,-0.00177116,0.00282898,0.999996,0.000440868,0.00176991,-0.000445876,0.999998
2.76536e-05,-0.00142105,0.965612,-0.018614,-0.0283519,-0.837231,0.999994,-0.00286394,-0.00174157,0.00286481,0.999996,0.00049552,0.00174014,-0.000500506,0.999998
1.83956e-05,-0.00143527,0.965192,-0.0184177,-0.0285397,-0.842735,0.999994,-0.00289968,-0.00171198,0.00290063,0.999996,0.000550172,0.00171038,-0.000555135,0.999998
9.26458e-06,-0.00144959,0.964769,-0.0181066,-0.0287186,-0.848196,0.999994,-0.00293564,-0.00167888,0.00293667,0.999996,0.000607348,0.00167709,-0.000612275,0.999998
2.89068e-07,-0.00146399,0.964344,-0.0177955,-0.0288975,-0.853656,0.999994,-0.00297161,-0.00164578,0.0029727,0.999995,0.000664525,0.00164379,-0.000669413,0.999998
-8.50971e-06,-0.00147848,0.963916,-0.0173996,-0.0290641,-0.859097,0.999994,-0.00300785,-0.00160733,0.00300902,0.999995,0.000725366,0.00160514,-0.000730198,0.999998
-1.71106e-05,-0.00149306,0.963485,-0.0170038,-0.0292307,-0.864539,0.999994,-0.00304409,-0.00156889,0.00304532,0.999995,0.000786209,0.00156649,-0.000790982,0.999998
-2.55135e-05,-0.00150771,0.963051,-0.016608,-0.0293974,-0.86998,0.999994,-0.00308033,-0.00153045,0.00308163,0.999995,0.000847053,0.00152783,-0.000851764,0.999998
-3.37191e-05,-0.00152245,0.962615,-0.0162144,-0.0295561,-0.875441,0.999994,-0.0031168,-0.00148864,0.00311816,0.999995,0.000910316,0.00148579,-0.000914952,0.999998
-4.17279e-05,-0.00153727,0.962176,-0.0158208,-0.0297149,-0.880902,0.999994,-0.00315327,-0.00144682,0.00315468,0.999995,0.00097358,0.00144375,-0.000978138,0.999998
-4.95612e-05,-0.00155216,0.961734,-0.0155123,-0.0298611,-0.886432,0.999994,-0.00319009,-0.00140102,0.00319155,0.999994,0.00104038,0.00139769,-0.00104484,0.999998
-5.72402e-05,-0.00156713,0.961289,-0.0152037,-0.0300072,-0.891961,0.999994,-0.00322692,-0.00135521,0.00322842,0.999994,0.00110718,0.00135163,-0.00111155,0.999998
-6.47649e-05,-0.00158217,0.960842,-0.0148952,-0.0301534,-0.897491,0.999994,-0.00326375,-0.00130941,0.00326528,0.999994,0.00117398,0.00130557,-0.00117825,0.999998
-7.21585e-05,-0.00159728,0.960392,-0.0146793,-0.0302907,-0.903083,0.999994,-0.00330085,-0.00126184,0.00330242,0.999994,0.0012431,0.00125772,-0.00124726,0.999998
-7.94442e-05,-0.00161246,0.959939,-0.0144634,-0.030428,-0.908674,0.999994,-0.00333796,-0.00121426,0.00333956,0.999994,0.00131222,0.00120987,-0.00131627,0.999998
-8.66675e-05,-0.00162771,0.959483,-0.0144298,-0.0305503,-0.91437,0.999994,-0.00337549,-0.00116589,0.0033771,0.999993,0.00138468,0.00116121,-0.00138861,0.999998
-9.38741e-05,-0.00164301,0.959025,-0.0143963,-0.0306726,-0.920066,0.999994,-0.00341301,-0.00111753,0.00341464,0.999993,0.00145714,0.00111255,-0.00146095,0.999998
-0.000101064,-0.00165838,0.958563,-0.0143629,-0.0307949,-0.925762,0.999993,-0.00345055,-0.00106917,0.00345218,0.999993,0.00152961,0.00106388,-0.00153329,0.999998
-0.000108269,-0.00167381,0.958099,-0.0144593,-0.030907,-0.931521,0.999993,-0.00348837,-0.00102152,0.00349001,0.999993,0.00160422,0.00101592,-0.00160778,0.999998
-0.000115523,-0.00168929,0.957632,-0.0145557,-0.0310191,-0.93728,0.999993,-0.0035262,-0.000973879,0.00352783,0.999992,0.00167884,0.000967952,-0.00168227,0.999998
-0.00012287,-0.00170482,0.957161,-0.0148307,-0.0311099,-0.943104,0.999993,-0.0035644,-0.000929275,0.00356603,0.999992,0.00175647,0.000923007,-0.00175977,0.999998
-0.000130354,-0.0017204,0.956688,-0.0151058,-0.0312007,-0.948928,0.999993,-0.0036026,-0.000884674,0.00360422,0.999992,0.0018341,0.000878059,-0.00183728,0.999998
-0.000137976,-0.00173602,0.956213,-0.015381,-0.0312917,-0.954752,0.999993,-0.0036408,-0.000840076,0.0036424,0.999992,0.00191174,0.000833108,-0.00191478,0.999998
-0.000145756,-0.00175168,0.955734,-0.0157403,-0.0313676,-0.960583,0.999993,-0.00367921,-0.00079858,0.00368079,0.999991,0.00199123,0.000791247,-0.00199416,0.999998
-0.000153716,-0.00176739,0.955252,-0.0160996,-0.0314436,-0.966414,0.999993,-0.00371762,-0.000757088,0.00371918,0.999991,0.00207073,0.000749383,-0.00207353,0.999998
-0.000161874,-0.00178312,0.954767,-0.0165317,-0.0314955,-0.972203,0.999993,-0.00375616,-0.000721655,0.0037577,0.999991,0.00215268,0.000713562,-0.00215538,0.999997
-0.000170248,-0.00179888,0.95428,-0.0169638,-0.0315474,-0.977991,0.999993,-0.0037947,-0.000686225,0.00379622,0.99999,0.00223464,0.000677739,-0.00223723,0.999997
-0.000178837,-0.00181467,0.953789,-0.017396,-0.0315994,-0.983779,0.999992,-0.00383324,-0.000650799,0.00383474,0.99999,0.0023166,0.000641912,-0.00231907,0.999997
-0.000187643,-0.00183048,0.953296,-0.0178266,-0.0316351,-0.989494,0.999992,-0.00387176,-0.000619961,0.00387324,0.99999,0.00239998,0.000610663,-0.00240236,0.999997
-0.000196664,-0.0018463,0.9528,-0.0182572,-0.031671,-0.99521,0.999992,-0.00391029,-0.000589127,0.00391174,0.999989,0.00248336,0.00057941,-0.00248565,0.999997
-0.00020588,-0.00186214,0.952301,-0.0186053,-0.0316786,-1.00075,0.999992,-0.00394853,-0.000565608,0.00394997,0.999989,0.00256847,0.00055546,-0.00257068,0.999997
-0.000215269,-0.00187798,0.951799,-0.0189534,-0.0316864,-1.00629,0.999992,-0.00398678,-0.000542092,0.0039882,0.999989,0.00265358,0.000531506,-0.00265572,0.999996
-0.000224833,-0.00189383,0.951295,-0.0193016,-0.0316942,-1.01183,0.999992,-0.00402502,-0.000518579,0.00402643,0.999988,0.00273869,0.00050755,-0.00274075,0.999996
-0.00023454,-0.00190967,0.950787,-0.0195255,-0.0316797,-1.01716,0.999992,-0.00406279,-0.000501563,0.00406419,0.999988,0.00282497,0.000490079,-0.00282699,0.999996
-0.000244359,-0.00192551,0.950277,-0.0197493,-0.0316653,-1.0225,0.999991,-0.00410056,-0.00048455,0.00410196,0.999987,0.00291126,0.000472606,-0.00291322,0.999996
-0.00025416,-0.00194132,0.949765,-0.0194561,-0.0315986,-1.02701,0.999991,-0.00413791,-0.000473502,0.00413931,0.999987,0.00299966,0.000461083,-0.0030016,0.999995
-0.000263815,-0.00195711,0.94925,-0.0191629,-0.0315318,-1.03152,0.999991,-0.00417526,-0.000462457,0.00417667,0.999987,0.00308807,0.000449557,-0.00308998,0.999995
-0.000273323,-0.00197286,0.948733,-0.0188698,-0.0314649,-1.03603,0.999991,-0.00421261,-0.000451416,0.00421402,0.999986,0.00317648,0.000438028,-0.00317835,0.999995
-0.000282636,-0.00198861,0.948214,-0.0183848,-0.0315476,-1.04017,0.999991,-0.00424949,-0.000447178,0.00425093,0.999986,0.00326743,0.000433286,-0.00326931,0.999995
-0.000291708,-0.0020044,0.947693,-0.0178998,-0.0316301,-1.04432,0.999991,-0.00428636,-0.000442943,0.00428783,0.999985,0.00335839,0.000428541,-0.00336026,0.999994
-0.000300514,-0.00202024,0.94717,-0.0173258,-0.0317264,-1.0483,0.999991,-0.00432269,-0.000444073,0.0043242,0.999985,0.00345147,0.000429147,-0.00345336,0.999994
-0.000309033,-0.00203613,0.946645,-0.0167517,-0.0318225,-1.05227,0.99999,-0.00435902,-0.000445207,0.00436057,0.999984,0.00354455,0.000429749,-0.00354646,0.999994
-0.000317266,-0.00205207,0.946118,-0.0161776,-0.0319186,-1.05625,0.99999,-0.00439535,-0.000446344,0.00439695,0.999984,0.00363763,0.000430348,-0.00363956,0.999993
-0.000325207,-0.00206805,0.945589,-0.0155888,-0.0320191,-1.06013,0.99999,-0.00443101,-0.000451447,0.00443266,0.999983,0.00373226,0.000434901,-0.00373422,0.999993
-0.000332855,-0.00208408,0.945058,-0.015,-0.0321194,-1.06401,0.99999,-0.00446666,-0.000456553,0.00446838,0.999983,0.00382689,0.000439451,-0.00382889,0.999993
-0.000340172,-0.00210017,0.944525,-0.0142717,-0.0322308,-1.06758,0.99999,-0.00450106,-0.000466906,0.00450286,0.999982,0.00392385,0.000449237,-0.00392592,0.999992
-0.000347126,-0.00211631,0.94399,-0.0135435,-0.0323421,-1.07116,0.99999,-0.00453545,-0.000477263,0.00453734,0.999982,0.00402082,0.000459018,-0.00402294,0.999992
-0.000353716,-0.00213251,0.943454,-0.0128153,-0.0324532,-1.07473,0.999989,-0.00456985,-0.000487624,0.00457182,0.999981,0.00411778,0.000468797,-0.00411996,0.999991
-0.000359926,-0.00214877,0.942915,-0.0120246,-0.0325757,-1.07813,0.999989,-0.00460332,-0.000501161,0.0046054,0.999981,0.00421649,0.000481741,-0.00421875,0.999991
-0.000365741,-0.00216509,0.942376,-0.011234,-0.032698,-1.08153,0.999989,-0.0046368,-0.000514701,0.00463898,0.99998,0.00431519,0.000494682,-0.00431753,0.999991
-0.000371153,-0.00218147,0.941834,-0.0104166,-0.0328293,-1.08476,0.999989,-0.00466876,-0.000533019,0.00467107,0.999979,0.00441681,0.000512387,-0.00441925,0.99999
-0.000376157,-0.00219792,0.941291,-0.0095993,-0.0329605,-1.08798,0.999989,-0.00470071,-0.00055134,0.00470316,0.999979,0.00451842,0.000530089,-0.00452096,0.99999
-0.000380753,-0.00221443,0.940746,-0.00878197,-0.0330915,-1.09121,0.999989,-0.00473267,-0.000569665,0.00473525,0.999978,0.00462003,0.000547787,-0.00462267,0.999989
-0.000384944,-0.00223101,0.9402,-0.00798354,-0.0332146,-1.09436,0.999988,-0.00476359,-0.000591198,0.00476633,0.999977,0.00472377,0.000568683,-0.00472654,0.999989
-0.000388736,-0.00224765,0.939652,-0.00718514,-0.0333375,-1.09751,0.999988,-0.00479452,-0.000612735,0.00479742,0.999977,0.00482751,0.000589575,-0.0048304,0.999988
-0.000392154,-0.00226434,0.939102,-0.0064849,-0.0334492,-1.10062,0.999988,-0.00482381,-0.000639536,0.00482691,0.999976,0.00493458,0.000615718,-0.0049376,0.999988
-0.000395221,-0.0022811,0.938551,-0.0057847,-0.0335607,-1.10374,0.999988,-0.0048531,-0.000666341,0.0048564,0.999975,0.00504164,0.000641857,-0.00504481,0.999987
-0.000397938,-0.0022979,0.937998,-0.00508455,-0.0336719,-1.10686,0.999988,-0.00488238,-0.000693149,0.00488589,0.999975,0.0051487,0.000667994,-0.00515202,0.999987
-0.000400329,-0.00231477,0.937444,-0.00447719,-0.0337789,-1.10999,0.999988,-0.00491059,-0.000723713,0.00491433,0.999974,0.00525815,0.000697873,-0.00526164,0.999986
-0.000402337,-0.00233159,0.936888,-0.00386924,-0.033885,-1.11312,0.999988,-0.0049388,-0.000754272,0.00494277,0.999973,0.00536761,0.000727742,-0.00537127,0.999985
-0.000404028,-0.00234842,0.936331,-0.00343051,-0.0340068,-1.11629,0.999987,-0.00496533,-0.000791149,0.00496959,0.999973,0.00548082,0.000763914,-0.00548468,0.999985
-0.000405122,-0.00236481,0.935772,-0.0029888,-0.0341243,-1.11946,0.999987,-0.00499186,-0.000827996,0.00499642,0.999972,0.00559408,0.000800048,-0.00559815,0.999984
-0.000405825,-0.00238104,0.935212,-0.0025458,-0.03424,-1.12264,0.999987,-0.00501839,-0.000864831,0.00502325,0.999971,0.00570736,0.000836165,-0.00571163,0.999983
-0.000405875,-0.00239679,0.93465,-0.00221722,-0.034393,-1.12585,0.999987,-0.00504386,-0.000906292,0.00504905,0.99997,0.00582348,0.000876892,-0.00582798,0.999983
-0.00040541,-0.00241218,0.934086,-0.00188595,-0.0345425,-1.12905,0.999987,-0.00506932,-0.000947724,0.00507486,0.999969,0.00593963,0.000917585,-0.00594436,0.999982
-0.000404653,-0.00242753,0.933521,-0.00171412,-0.0347292,-1.13233,0.999987,-0.00509319,-0.000997117,0.00509914,0.999969,0.00606043,0.000966219,-0.00606543,0.999981
-0.000403246,-0.00244217,0.932954,-0.00153797,-0.0349095,-1.1356,0.999986,-0.00511705,-0.00104646,0.00512342,0.999968,0.00618129,0.0010148,-0.00618657,0.99998
-0.000401089,-0.00245609,0.932386,-0.00135676,-0.0350832,-1.13887,0.999986,-0.0051409,-0.00109576,0.00514771,0.999967,0.00630223,0.00106332,-0.00630778,0.99998
-0.000398253,-0.00246932,0.931816,-0.00127443,-0.0352616,-1.14219,0.999986,-0.00516367,-0.00115085,0.00517096,0.999966,0.00642657,0.00111763,-0.00643243,0.999979
-0.000394798,-0.00248192,0.931245,-0.00118777,-0.0354343,-1.14551,0.999986,-0.00518643,-0.0012059,0.00519423,0.999965,0.00655098,0.00117188,-0.00655715,0.999978
-0.000390454,-0.00249366,0.930672,-0.00123361,-0.0356043,-1.14891,0.999986,-0.00520735,-0.00127026,0.00521572,0.999964,0.00668058,0.00123543,-0.00668711,0.999977
-0.000385512,-0.0025045,0.930098,-0.0012749,-0.0357667,-1.1523,0.999985,-0.00522825,-0.00133458,0.00523722,0.999963,0.00681026,0.00129893,-0.00681715,0.999976
-0.00037945,-0.00251401,0.929522,-0.00130768,-0.0359182,-1.15569,0.999985,-0.00524915,-0.0013988,0.00525874,0.999962,0.00694007,0.00136232,-0.00694732,0.999975
-0.000373067,-0.00252318,0.928945,-0.00140398,-0.0360633,-1.15911,0.999985,-0.00526868,-0.00146937,0.00527895,0.999961,0.00707336,0.00143205,-0.00708101,0.999974
-0.000365761,-0.00253117,0.928366,-0.00149317,-0.0361989,-1.16253,0.999985,-0.0052882,-0.00153986,0.00529917,0.99996,0.00720677,0.00150168,-0.00721482,0.999973
-0.000358148,-0.00253901,0.927785,-0.00163608,-0.0363255,-1.16596,0.999985,-0.00530534,-0.00161964,0.0053171,0.999959,0.00734522,0.00158061,-0.00735372,0.999972
-0.00034946,-0.00254518,0.927203,-0.00177067,-0.0364391,-1.16938,0.999984,-0.00532248,-0.00169933,0.00533505,0.999958,0.00748383,0.00165942,-0.00749277,0.999971
-0.000339704,-0.00254993,0.926619,-0.0018971,-0.0365417,-1.17279,0.999984,-0.0053396,-0.00177892,0.00535301,0.999957,0.00762256,0.00173814,-0.00763196,0.999969
-0.000329527,-0.00255413,0.926035,-0.00202458,-0.0366316,-1.17618,0.999984,-0.00535498,-0.00186418,0.0053693,0.999955,0.00776464,0.00182252,-0.00777453,0.999968
-0.000319532,-0.00255846,0.925448,-0.0021534,-0.0367223,-1.17957,0.999984,-0.00537035,-0.00194946,0.0053856,0.999954,0.00790672,0.00190691,-0.00791709,0.999967
-0.000309337,-0.00256278,0.924859,-0.00223866,-0.0368047,-1.18286,0.999983,-0.00538284,-0.00204208,0.00539913,0.999953,0.00805358,0.00199863,-0.00806447,0.999965
-0.000297238,-0.00256432,0.92427,-0.00230995,-0.0368664,-1.18615,0.999983,-0.00539533,-0.00213453,0.00541266,0.999952,0.00820068,0.00209018,-0.0082121,0.999964
-0.000284508,-0.00256504,0.923679,-0.00237684,-0.036922,-1.18943,0.999983,-0.0054078,-0.00222693,0.00542621,0.99995,0.00834785,0.00218168,-0.0083598,0.999963
-0.000271578,-0.00256544,0.923087,-0.00237961,-0.0369703,-1.19261,0.999983,-0.0054183,-0.00232311,0.00543786,0.999949,0.00849825,0.00227695,-0.00851073,0.999961
-0.00025687,-0.00256351,0.922493,-0.00236989,-0.0370016,-1.19579,0.999982,-0.00542878,-0.00241914,0.00544952,0.999948,0.00864884,0.00237206,-0.00866187,0.99996
-0.000244067,-0.0025643,0.921896,-0.00225383,-0.0370563,-1.19879,0.999982,-0.00543625,-0.00251913,0.00545824,0.999946,0.00880397,0.00247113,-0.00881756,0.999958
-0.000229266,-0.00256213,0.9213,-0.00212424,-0.0370894,-1.20178,0.999982,-0.00544371,-0.00261895,0.00546697,0.999945,0.00895936,0.00257003,-0.00897351,0.999956
